plugin/arcgrid/src/test/resources/it/geosolutions/imageio/plugins/arcgrid/test-data/arcGrid.asc
NCOLS         120
NROWS         85
XLLCORNER     9.420000076293945
YLLCORNER     42.20000076293945
CELLSIZE      0.019999996821085612
NODATA_VALUE  -9999.0
[rows 42 to 62 of 85, columns 47 to 93 of 120]
0.044117335230112076 0.026441115885972977 0.019562330096960068 0.012245242483913898 -3.259639488533139E-4 -7.59859278332442E-4 -0.004427424632012844 -0.0074478439055383205 -0.009250447154045105 -0.0026447295676916838 -5.076628876850009E-4 -0.003595728427171707 0.0010502610821276903 0.00439202506095171 0.008376067504286766 0.016817361116409302 0.023230675607919693 0.03053250163793564 0.042885128408670425 0.05498575046658516 0.06349431723356247 0.0704440176486969 0.07366678863763809 0.07101147621870041 0.06852485984563828 0.061047010123729706 0.04922989010810852 0.03174236789345741 0.007893994450569153 -0.022504029795527458 -0.026899751275777817 -0.031858839094638824 -9999.0 -9999.0 -9999.0 -9999.0 -9999.0 -9999.0 -9999.0 -9999.0 -9999.0 -9999.0 -9999.0 -9999.0 -9999.0 -9999.0 -9999.0
0.030988633632659912 0.02152767963707447 0.012158800847828388 0.005667868535965681 -0.0026709530502557755 -0.010913868434727192 -0.007753074634820223 -0.010871410369873047 -0.010912977159023285 -0.01024247333407402 -0.007001644931733608 -0.00224489439278841 -0.0039746323600411415 0.002575778169557452 0.013516349717974663 0.01934882625937462 0.02536851540207863 0.032504867762327194 0.045097362250089645 0.057548150420188904 0.06374548375606537 0.07116928696632385 0.07547371089458466 0.07876657694578171 0.07669912278652191 0.06794095784425735 0.0515996590256691 0.03224489837884903 0.008059457875788212 -0.023176969960331917 -0.05260874330997467 -0.05417496711015701 -0.03941662237048149 -9999.0 -9999.0 -9999.0 -9999.0 -9999.0 -9999.0 -9999.0 -9999.0 -9999.0 -9999.0 -9999.0 -9999.0 -9999.0 -9999.0
0.02489320933818817 0.016654755920171738 0.010944071225821972 -0.0011101039126515388 -0.0073228869587183 -0.0077372449450194836 -0.009405777789652348 -0.009385088458657265 -0.009721502661705017 -0.008551403880119324 -0.004065647721290588 -0.005358290858566761 -0.0018589134560897946 0.0027830302715301514 0.009572363458573818 0.021575795486569405 0.027763057500123978 0.03374098613858223 0.046871401369571686 0.055980004370212555 0.06202938035130501 0.06577709317207336 0.07297421991825104 0.08011625707149506 0.0794692412018776 0.06421472132205963 0.0486203171312809 0.033591434359550476 0.009734620340168476 -0.024674171581864357 -0.06956026703119278 -0.0771130621433258 -0.05446380749344826 -9999.0 -9999.0 -9999.0 -9999.0 -9999.0 -9999.0 -9999.0 -9999.0 -9999.0 -9999.0 -9999.0 -9999.0 -9999.0 -9999.0
0.02616090327501297 0.016195379197597504 0.013130638748407364 0.005585942417383194 -9.811354102566838E-4 -0.003919030074030161 -9.527845541015267E-4 0.003069107187911868 0.003592373337596655 0.006601155735552311 0.012242023833096027 0.01411415170878172 0.0161226037889719 0.010584826581180096 0.02362360805273056 0.02674146182835102 0.03431692719459534 0.04239831119775772 0.049155838787555695 0.056338392198085785 0.06107010692358017 0.06354846805334091 0.07067099213600159 0.07948850095272064 0.07748538255691528 0.06619621068239212 0.0462910495698452 0.03629317507147789 0.013990463688969612 -0.011358416639268398 -0.039039496332407 -0.0818202793598175 -0.108082115650177 -9999.0 -9999.0 -9999.0 -9999.0 -9999.0 -9999.0 -9999.0 -9999.0 -9999.0 -9999.0 -9999.0 -9999.0 -9999.0 -9999.0
0.03603570908308029 0.029885128140449524 0.025694703683257103 0.024529142305254936 0.015588481910526752 0.01507773157209158 0.015273483470082283 0.015842312946915627 0.01878282055258751 0.02010239288210869 0.020996253937482834 0.021580632776021957 0.027382120490074158 0.024155324324965477 0.032528072595596313 0.04137565940618515 0.042693883180618286 0.055738236755132675 0.05930273234844208 0.06685333698987961 0.07232315093278885 0.07555859535932541 0.07390443980693817 0.07973753660917282 0.0788135975599289 0.07140087336301804 0.05773850902915001 0.04031405970454216 0.019094016402959824 0.005280031822621822 -0.01990172453224659 -0.036537811160087585 -0.06938280165195465 -0.04583458974957466 -0.034958962351083755 -9999.0 -9999.0 -9999.0 -9999.0 -9999.0 -9999.0 -9999.0 -9999.0 -9999.0 -9999.0 -9999.0 -9999.0
0.044447485357522964 0.03699248656630516 0.033838894218206406 0.029925299808382988 0.02440766617655754 0.021646665409207344 0.02150006778538227 0.021194588392972946 0.030225766822695732 0.02095618285238743 0.025788720697164536 0.02607078105211258 0.024197321385145187 0.03070632368326187 0.03951773792505264 0.04786768928170204 0.05763429030776024 0.06439371407032013 0.06703238189220428 0.07609802484512329 0.07865116000175476 0.0819353461265564 0.07849065214395523 0.08651547133922577 0.08380093425512314 0.08251050114631653 0.07522539049386978 0.05930199474096298 0.039736706763505936 0.015488582663238049 -0.0015742997638881207 -0.019529322162270546 -0.0335414856672287 -0.06245376542210579 -0.05171362683176994 -0.032647836953401566 -9999.0 -9999.0 -9999.0 -9999.0 -9999.0 -9999.0 -9999.0 -9999.0 -9999.0 -9999.0 -9999.0
0.04860524833202362 0.04650627076625824 0.04415136203169823 0.03670785576105118 0.029076047241687775 0.021723276004195213 0.023468829691410065 0.02763228490948677 0.030687404796481133 0.028198374435305595 0.030046135187149048 0.028407815843820572 0.030440740287303925 0.03874753788113594 0.04412010312080383 0.051924362778663635 0.05734856799244881 0.062076207250356674 0.06997818499803543 0.0745554119348526 0.08232329040765762 0.08869349956512451 0.08963383734226227 0.09746252745389938 0.10103686898946762 0.0974816381931305 0.0988430455327034 0.08648809790611267 0.06859714537858963 0.04728517681360245 0.02035047486424446 -0.004532613791525364 -0.02174348384141922 -0.04815483093261719 -0.059068720787763596 -0.036145929247140884 -0.004092306364327669 -9999.0 -9999.0 -9999.0 -9999.0 -9999.0 -9999.0 -9999.0 -9999.0 -9999.0 -9999.0
0.04995807632803917 0.044602178037166595 0.039279114454984665 0.03635754436254501 0.034314803779125214 0.04140237346291542 0.03497292473912239 0.02919617109000683 0.02853858843445778 0.02355065383017063 0.026374557986855507 0.0258462056517601 0.029023516923189163 0.0332188680768013 0.03867773711681366 0.04236092045903206 0.044948454946279526 0.05025105178356171 0.0586877204477787 0.07214658707380295 0.08134263753890991 0.0845438614487648 0.09287947416305542 0.10386792570352554 0.11377353221178055 0.12418682128190994 0.12237988412380219 0.12051821500062943 0.1048601046204567 0.08295488357543945 0.05902713164687157 0.026380810886621475 -0.0021284243557602167 -0.021564217284321785 -0.04521849751472473 -0.026904068887233734 0.008739477954804897 -9999.0 -9999.0 -9999.0 -9999.0 -9999.0 -9999.0 -9999.0 -9999.0 -9999.0 -9999.0
0.043793220072984695 0.03701598197221756 0.034853119403123856 0.031031303107738495 0.03175581991672516 0.03174016997218132 0.023261670023202896 0.02069276198744774 0.020162412896752357 0.015741461887955666 0.01759514957666397 0.01755252107977867 0.024780873209238052 0.02738022617995739 0.026389308273792267 0.02862142212688923 0.03438280522823334 0.04876253381371498 0.05978482961654663 0.07232718914747238 0.08059137314558029 0.09089097380638123 0.10254660993814468 0.12471110373735428 0.13422997295856476 0.14626239240169525 0.1406918317079544 0.1354549378156662 0.12293833494186401 0.10585745424032211 0.08090288937091827 0.05213287100195885 0.018390251323580742 -0.003000628901645541 -0.024120435118675232 -0.031213916838169098 -0.007904469035565853 -9999.0 -9999.0 -9999.0 -9999.0 -9999.0 -9999.0 -9999.0 -9999.0 -9999.0 -9999.0
0.035916224122047424 0.03447379171848297 0.031093981117010117 0.029825355857610703 0.027977749705314636 0.026950303465127945 0.018351895734667778 0.013430071994662285 0.008123991079628468 0.009654051624238491 0.013943607918918133 0.016987545415759087 0.01341991312801838 0.013153824023902416 0.01535559631884098 0.019422059878706932 0.03306601196527481 0.051630016416311264 0.06689835339784622 0.07948673516511917 0.08513485640287399 0.09905588626861572 0.11109600961208344 0.1294672042131424 0.14209195971488953 0.15498121082782745 0.16219580173492432 0.1598830223083496 0.1515386551618576 0.1401670277118683 0.12023036926984787 0.09056579321622849 0.053278598934412 0.012849808670580387 -0.009387429803609848 -0.025458713993430138 -0.012746313586831093 0.02753385528922081 -9999.0 -9999.0 -9999.0 -9999.0 -9999.0 -9999.0 -9999.0 -9999.0 -9999.0
0.022981075569987297 0.01720203272998333 0.014557013288140297 0.013273390009999275 0.00961949210613966 0.0063270507380366325 -5.648245569318533E-4 -0.0016818493604660034 9.463760652579367E-4 0.006817876826971769 0.010552925057709217 0.007190159056335688 0.004936310928314924 0.005090103019028902 0.005141446366906166 0.014088957570493221 0.03427373245358467 0.05039826035499573 0.07012097537517548 0.08521192520856857 0.09666650742292404 0.10493279993534088 0.11677470803260803 0.12800081074237823 0.14179793000221252 0.15306372940540314 0.16744785010814667 0.1840660721063614 0.1812276542186737 0.1700393259525299 0.15309013426303864 0.11934997886419296 0.08636553585529327 0.04635446518659592 0.012866933830082417 -0.013335056602954865 -0.015397624112665653 0.020455650985240936 -9999.0 -9999.0 -9999.0 -9999.0 -9999.0 -9999.0 -9999.0 -9999.0 -9999.0
0.009804582223296165 -0.004075927659869194 -0.002865166636183858 -0.004324060864746571 1.811414840631187E-4 -0.012761982157826424 -0.010608035139739513 -0.010219077579677105 -0.01052828785032034 0.008153212256729603 0.003193584503605962 0.0034906077198684216 0.0025653275661170483 9.92257846519351E-4 0.009708293713629246 0.025792602449655533 0.046539563685655594 0.06819260120391846 0.08360890299081802 0.0978882759809494 0.10194478929042816 0.10533405095338821 0.1097082644701004 0.11718280613422394 0.12801967561244965 0.14374126493930817 0.1648024469614029 0.1916019320487976 0.19934411346912384 0.1898510605096817 0.17446543276309967 0.15046294033527374 0.11411342024803162 0.07596077024936676 0.033993545919656754 0.00652648787945509 -0.013700119219720364 0.008362188003957272 -9999.0 -9999.0 -9999.0 -9999.0 -9999.0 -9999.0 -9999.0 -9999.0 -9999.0
0.013405482284724712 0.0025903943460434675 0.008583730086684227 0.004129485692828894 -0.00225159153342247 -0.006118609104305506 -0.010618813335895538 -0.011987870559096336 -0.012056209146976471 -0.004570079036056995 -5.465016583912075E-4 -0.0026115283835679293 -0.0028694174252450466 0.0038869832642376423 0.023921333253383636 0.046049732714891434 0.0651445984840393 0.09008622914552689 0.10338760167360306 0.1098390594124794 0.1087452620267868 0.10459616780281067 0.0966859832406044 0.09097513556480408 0.09162873774766922 0.10373556613922119 0.13193760812282562 0.17168666422367096 0.20668958127498627 0.20479945838451385 0.18071813881397247 0.1722334325313568 0.14695726335048676 0.10290583223104477 0.05934576690196991 0.02211678959429264 4.043194931000471E-4 -0.004048567730933428 0.017888130620121956 0.018272336572408676 0.03921632841229439 -9999.0 -9999.0 -9999.0 -9999.0 -9999.0 -9999.0
0.00925538968294859 8.345486130565405E-4 4.725462349597365E-5 -0.0011163740418851376 -0.003863284597173333 -0.008858073502779007 -0.008886812254786491 -0.011539936065673828 -0.01501745916903019 -0.008720196783542633 -0.007146060466766357 -0.005667467135936022 0.0017388927517458797 0.012879308313131332 0.037434134632349014 0.06534171104431152 0.08482459932565689 0.10264493525028229 0.11912000179290771 0.11891884356737137 0.11044540256261826 0.09861379116773605 0.08830855786800385 0.075080506503582 0.06336645036935806 0.06325055658817291 0.08835556358098984 0.14159607887268066 0.19787263870239258 0.22025813162326813 0.1863248199224472 0.16882365942001343 0.1543847769498825 0.12740367650985718 0.08024729043245316 0.032953210175037384 0.004192064981907606 -0.0065787173807621 0.019168654456734657 0.017709476873278618 0.03261006996035576 0.011039822362363338 -9999.0 -9999.0 -9999.0 -9999.0 -9999.0
0.006532120052725077 -0.0026963194832205772 -0.004663947504013777 -0.007276100106537342 8.79432656802237E-4 -0.00717386556789279 -0.0028660879470407963 -0.007590895052999258 -0.0038098921068012714 -0.0032815132290124893 0.006837580353021622 0.007160406094044447 0.013742741197347641 0.03387231007218361 0.06148253753781319 0.08436226099729538 0.10730338096618652 0.12295656651258469 0.13143377006053925 0.13025572896003723 0.11796940863132477 0.09872365742921829 0.08321381360292435 0.06817327439785004 0.04977279156446457 0.04495745152235031 0.07853835821151733 0.13700874149799347 0.18873430788516998 0.2179449498653412 0.19549338519573212 0.163827583193779 0.14843817055225372 0.1265520453453064 0.09209968894720078 0.047522976994514465 0.005196175072342157 -0.007814869284629822 0.008421409875154495 0.016399092972278595 0.030358711257576942 0.017937900498509407 -9999.0 -9999.0 -9999.0 -9999.0 -9999.0
-0.00164825189858675 -0.003255174495279789 -0.0017055964563041925 -0.002369228983297944 -0.003055359236896038 4.8633781261742115E-5 0.003458993509411812 0.001168251852504909 0.008527882397174835 0.009202509187161922 0.007641024421900511 0.01890670321881771 0.02716042473912239 0.04537319764494896 0.0721978023648262 0.09429482370615005 0.10613477230072021 0.12320957332849503 0.13179919123649597 0.13410046696662903 0.1282048523426056 0.11327027529478073 0.09510663896799088 0.08300982415676117 0.06214625760912895 0.06190807744860649 0.10664080083370209 0.16354063153266907 0.21188360452651978 0.21877521276474 0.19333074986934662 0.16351020336151123 0.14296548068523407 0.12895356118679047 0.0983038917183876 0.062606580555439 0.014902405440807343 -0.016049811616539955 -0.005184616893529892 0.01621532253921032 0.041176192462444305 0.02432383969426155 -9999.0 -9999.0 -9999.0 -9999.0 -9999.0
0.011531098745763302 0.0135385412722826 0.010284408926963806 0.006992832291871309 0.0037400727160274982 0.004057723097503185 2.942772407550365E-4 0.002280574757605791 0.00787321012467146 0.011908416636288166 0.02128952369093895 0.028429007157683372 0.03853217139840126 0.05414465814828873 0.07617469131946564 0.09098208695650101 0.10238408297300339 0.11180928349494934 0.12412134557962418 0.13570065796375275 0.1388445496559143 0.1247873604297638 0.10697454959154129 0.08983291685581207 0.07112530618906021 0.09233292192220688 0.14064092934131622 0.1904125213623047 0.22443176805973053 0.22000038623809814 0.18735365569591522 0.1637866348028183 0.14858421683311462 0.12939104437828064 0.09788719564676285 0.06409043818712234 0.018754824995994568 -0.018829716369509697 -0.014130494557321072 0.020710937678813934 0.053077101707458496 0.023248225450515747 -9999.0 -9999.0 -9999.0 -9999.0 -9999.0
0.0165514275431633 0.011689616367220879 0.009526723064482212 0.0030486024916172028 0.004673508461564779 0.004904096946120262 0.006582341156899929 0.006101377308368683 0.008614525198936462 0.016839295625686646 0.028562983497977257 0.038937073200941086 0.05540945380926132 0.06251119077205658 0.07336758077144623 0.08725708723068237 0.0997776910662651 0.11084820330142975 0.11597559601068497 0.1287440061569214 0.12594258785247803 0.11530391871929169 0.09605410695075989 0.0814414992928505 0.07519719004631042 0.09984829276800156 0.14223553240299225 0.17680813372135162 0.21133114397525787 0.21221718192100525 0.1876429170370102 0.16799528896808624 0.15488886833190918 0.13059307634830475 0.09525950998067856 0.06290605664253235 0.024763964116573334 -0.009738962166011333 -0.017859114333987236 0.011791892349720001 0.04800581559538841 0.02152392826974392 -9999.0 -9999.0 -9999.0 -9999.0 -9999.0
0.014785949140787125 0.008547487668693066 0.009647578001022339 0.008727788925170898 0.011402107775211334 0.009431996382772923 0.011047889478504658 0.018411194905638695 0.024961290881037712 0.0344267375767231 0.04138370230793953 0.053045645356178284 0.0652063637971878 0.06917080283164978 0.07325918972492218 0.07951538264751434 0.0950450599193573 0.10832630097866058 0.12108340859413147 0.11742302775382996 0.11118867248296738 0.10980916768312454 0.09699492156505585 0.07857605814933777 0.07050329446792603 0.08970486372709274 0.13110873103141785 0.1720864176750183 0.21143096685409546 0.21443192660808563 0.19417257606983185 0.17595887184143066 0.1637796014547348 0.1441715806722641 0.10144805163145065 0.06435766816139221 0.02282247692346573 -0.011681996285915375 -0.01858469657599926 0.002992209978401661 0.04215932637453079 0.017765341326594353 -9999.0 -9999.0 -9999.0 -9999.0 -9999.0
0.021910052746534348 0.01660885289311409 0.017564989626407623 0.020706113427877426 0.0269980076700449 0.023810090497136116 0.02554227039217949 0.030613401904702187 0.03411009907722473 0.038400307297706604 0.048038873821496964 0.057799071073532104 0.0656827762722969 0.06179232522845268 0.06711378693580627 0.0760543942451477 0.09254781156778336 0.10587400197982788 0.1158883273601532 0.12458713352680206 0.1191164031624794 0.10823170840740204 0.09228106588125229 0.07410094887018204 0.06658162921667099 0.08022740483283997 0.11763574928045273 0.1676504760980606 0.21775685250759125 0.2378275990486145 0.21925956010818481 0.18716730177402496 0.1602194458246231 0.1442837417125702 0.11045767366886139 0.06834153085947037 0.028141291812062263 -0.009158804081380367 -0.02906196564435959 0.004107273183763027 0.024600420147180557 0.012840889394283295 -9999.0 -9999.0 -9999.0 -9999.0 -9999.0
0.029757646843791008 0.029341066256165504 0.030642716214060783 0.03175325691699982 0.031399477273225784 0.02591244876384735 0.023733170703053474 0.030746424570679665 0.036763835698366165 0.04033227264881134 0.051217034459114075 0.05954291671514511 0.0701562762260437 0.06327023357152939 0.06287667900323868 0.07627515494823456 0.0913882926106453 0.10584964603185654 0.11039964854717255 0.10711751133203506 0.11301565170288086 0.11304017901420593 0.11491520702838898 0.11049480736255646 0.09952519088983536 0.0879506915807724 0.10520625114440918 0.1504621058702469 0.20026405155658722 0.22864602506160736 0.21808011829853058 0.19032546877861023 0.16171638667583466 0.13699273765087128 0.10144362598657608 0.06874348223209381 0.02735605463385582 -0.014570880681276321 -9999.0 -9999.0 -9999.0 -9999.0 -9999.0 -9999.0 -9999.0 -9999.0 -9999.0
