plugin/arcgrid/src/test/resources/it/geosolutions/imageio/plugins/arcgrid/test-data/arcGrid.asc
NCOLS         120
NROWS         85
XLLCORNER     9.420000076293945
YLLCORNER     42.20000076293945
CELLSIZE      0.019999996821085612
NODATA_VALUE  -9999.0
[rows 63 to 83 of 85, columns 0 to 46 of 120]
-9999.0 -9999.0 -9999.0 -9999.0 -9999.0 -9999.0 0.1435958594083786 0.3109654188156128 0.3219420313835144 0.28770530223846436 0.25751426815986633 0.23561173677444458 0.20924541354179382 0.18228454887866974 0.1507478952407837 0.12665222585201263 0.10379272699356079 0.08750691264867783 0.07963807880878448 0.07902038842439651 0.08222045004367828 0.08942634612321854 0.09307829290628433 0.10638094693422318 0.11843085289001465 0.13657085597515106 0.1596805900335312 0.1668749302625656 0.18114440143108368 0.19849538803100586 0.19888588786125183 0.20818106830120087 0.19873329997062683 0.18772317469120026 0.1728004366159439 0.16520525515079498 0.13703308999538422 0.1275496482849121 0.10731588304042816 0.09234350919723511 0.08850005269050598 0.07436052709817886 0.07418160885572433 0.058206528425216675 0.06144110858440399 0.05005212128162384 0.04110775887966156
-9999.0 -9999.0 -9999.0 -9999.0 -9999.0 -9999.0 0.14476408064365387 0.30073127150535583 0.30417564511299133 0.26929140090942383 0.24082084000110626 0.21746550500392914 0.19171100854873657 0.16175217926502228 0.13594190776348114 0.11322648078203201 0.09317296743392944 0.072315514087677 0.06271613389253616 0.06389620900154114 0.07030458748340607 0.07522043585777283 0.08360370993614197 0.09595423936843872 0.11226320266723633 0.13827897608280182 0.145655557513237 0.16966405510902405 0.17805489897727966 0.19400952756404877 0.2000817358493805 0.21140775084495544 0.20062501728534698 0.16412106156349182 0.16516150534152985 0.15135160088539124 0.13024373352527618 0.12103515863418579 0.11022963374853134 0.09335017204284668 0.08446290343999863 0.0739373043179512 0.07316900789737701 0.06217425316572189 0.05548306554555893 0.04980912059545517 0.046179406344890594
-9999.0 -9999.0 -9999.0 -9999.0 -9999.0 -9999.0 0.12884099781513214 0.2945614159107208 0.29427364468574524 0.2575885057449341 0.23537203669548035 0.20691664516925812 0.17698387801647186 0.14795039594173431 0.12134505063295364 0.09031976759433746 0.06946632266044617 0.05654488503932953 0.05438390374183655 0.05470580235123634 0.06261038035154343 0.06566499173641205 0.07960215955972672 0.09363843500614166 0.11551355570554733 0.1481802761554718 0.16182397305965424 0.1835949718952179 0.18250219523906708 0.19619907438755035 0.1987777203321457 0.20641052722930908 0.2101721614599228 0.18598073720932007 0.1787613481283188 0.15565763413906097 0.14091856777668 0.12711189687252045 0.10741294920444489 0.09189701080322266 0.08571053296327591 0.07624746859073639 0.0682356134057045 0.05820701643824577 0.058660682290792465 0.05700116604566574 0.05000695586204529
-9999.0 -9999.0 -9999.0 -9999.0 -9999.0 -9999.0 -9999.0 0.27996817231178284 0.2812615633010864 0.26285046339035034 0.22554323077201843 0.19360359013080597 0.16344715654850006 0.13448365032672882 0.10397293418645859 0.07355732470750809 0.0491688996553421 0.03922072425484657 0.043630264699459076 0.04871580749750137 0.06134073808789253 0.0585872046649456 0.07391926646232605 0.09698788076639175 0.1124754250049591 0.14650273323059082 0.17371338605880737 0.18474841117858887 0.19479167461395264 0.20484445989131927 0.20888221263885498 0.20886076986789703 0.21145063638687134 0.21002532541751862 0.2010548859834671 0.1623406857252121 0.15851958096027374 0.12850582599639893 0.11535695940256119 0.102088063955307 0.09705136716365814 0.08922573179006577 0.07691824436187744 0.0694541484117508 0.06634557247161865 0.05481288209557533 0.04532204568386078
-9999.0 -9999.0 -9999.0 -9999.0 -9999.0 -9999.0 -9999.0 0.2385583221912384 0.2488311529159546 0.22825780510902405 0.20511187613010406 0.17740494012832642 0.14808183908462524 0.11893366277217865 0.08895249664783478 0.05767574906349182 0.02991410903632641 0.01561632938683033 0.02754932828247547 0.04612249135971069 0.05743185430765152 0.057189952582120895 0.07964583486318588 0.10201850533485413 0.12326087057590485 0.1592128723859787 0.18227531015872955 0.19782310724258423 0.20432159304618835 0.2121981978416443 0.20405451953411102 0.20472879707813263 0.21254120767116547 0.21177780628204346 0.213653102517128 0.1870894432067871 0.16607072949409485 0.13333623111248016 0.11865071207284927 0.11325721442699432 0.09652164578437805 0.0900375097990036 0.08697981387376785 0.07387232035398483 0.06421779096126556 0.05938704311847687 0.04217217490077019
-9999.0 -9999.0 -9999.0 -9999.0 -9999.0 -9999.0 -9999.0 0.2133261263370514 0.23416221141815186 0.20953482389450073 0.18866389989852905 0.1568172574043274 0.12187612056732178 0.09935874491930008 0.0736989825963974 0.054069891571998596 0.034411970525979996 0.014576268382370472 0.005847178865224123 0.014025266282260418 0.043967656791210175 0.05808773264288902 0.08838286995887756 0.10129109770059586 0.13490039110183716 0.1670176237821579 0.1915704309940338 0.20164045691490173 0.20746399462223053 0.2121983766555786 0.2059643715620041 0.19640333950519562 0.1811206340789795 0.19193139672279358 0.2020689845085144 0.18098357319831848 0.16543690860271454 0.15146051347255707 0.13433602452278137 0.11695020645856857 0.10871047526597977 0.1017884686589241 0.08670808374881744 0.07032299786806107 0.07354480028152466 0.05878279358148575 0.04267197474837303
-9999.0 -9999.0 -9999.0 -9999.0 -9999.0 -9999.0 -9999.0 0.20412229001522064 0.2179161161184311 0.1945897936820984 0.160758838057518 0.12770701944828033 0.08860135078430176 0.05509117618203163 0.03413796424865723 0.028442008420825005 0.0373818464577198 0.03749816119670868 0.03661293908953667 0.04116170108318329 0.06090736761689186 0.0832151472568512 0.09429178386926651 0.11328259855508804 0.14411860704421997 0.1804286688566208 0.19872406125068665 0.2064381241798401 0.20797009766101837 0.2031358927488327 0.19469667971134186 0.1885983645915985 0.16983643174171448 0.150424987077713 0.15716871619224548 0.15890711545944214 0.16973909735679626 0.15861520171165466 0.14466890692710876 0.12230178713798523 0.12144322693347931 0.10955450683832169 0.09477950632572174 0.09504704922437668 0.10911707580089569 0.10682756453752518 0.07356052100658417
-9999.0 -9999.0 -9999.0 -9999.0 -9999.0 -9999.0 -9999.0 0.19663910567760468 0.2025211602449417 0.17943425476551056 0.15221244096755981 0.12189961224794388 0.09668879956007004 0.06080400571227074 0.035867344588041306 0.009342650882899761 0.005715672392398119 0.008144780062139034 0.02542269043624401 0.03754272684454918 0.045742668211460114 0.05669244006276131 0.07734012603759766 0.10547541826963425 0.14097575843334198 0.16464148461818695 0.16859474778175354 0.17250852286815643 0.17477136850357056 0.18817020952701569 0.19304361939430237 0.18257711827754974 0.17631681263446808 0.1651153266429901 0.14660121500492096 0.12415578961372375 0.13334505259990692 0.1365867406129837 0.12682990729808807 0.10811547189950943 0.09214023500680923 0.08202529698610306 0.07859620451927185 0.089116171002388 0.11387986689805984 0.176731675863266 0.12561696767807007
-9999.0 -9999.0 -9999.0 -9999.0 -9999.0 -9999.0 -9999.0 0.18269102275371552 0.188465878367424 0.16295522451400757 0.13713066279888153 0.10704129189252853 0.08195752650499344 0.04549586400389671 0.020107027143239975 -0.005076868459582329 -0.011169337667524815 -0.010530907660722733 -0.016550274565815926 0.0011929454049095511 0.031964462250471115 0.0632360428571701 0.0916542112827301 0.11417008936405182 0.12440092116594315 0.1287035197019577 0.13418583571910858 0.14545871317386627 0.1588667333126068 0.18699783086776733 0.1812291294336319 0.19103705883026123 0.1968393623828888 0.1850447803735733 0.1713888794183731 0.1453779935836792 0.14900772273540497 0.13121254742145538 0.12454540282487869 0.11286555230617523 0.09564466029405594 0.09346803277730942 0.09573297947645187 0.08378299325704575 -9999.0 0.24332581460475922 0.18197083473205566
-9999.0 -9999.0 -9999.0 -9999.0 -9999.0 -9999.0 -9999.0 0.17050527036190033 0.18030855059623718 0.15019850432872772 0.11374174058437347 0.0813433974981308 0.04954836890101433 0.02332744002342224 0.009240847080945969 4.836817679461092E-4 -0.022014478221535683 -0.028925899416208267 -0.018296580761671066 0.01356490794569254 0.04582104831933975 0.06773076206445694 0.08265472203493118 0.08984507620334625 0.09652695059776306 0.10930152982473373 0.12834173440933228 0.15339253842830658 0.1803804486989975 0.2019120156764984 0.15520235896110535 0.19096343219280243 0.19974683225154877 0.19908614456653595 0.18899238109588623 0.1819743812084198 0.17016024887561798 0.1530628502368927 0.15820591151714325 0.12982502579689026 0.1217367947101593 0.11629920452833176 0.1147005558013916 0.11758734285831451 -9999.0 0.19510620832443237 0.182084858417511
-9999.0 -9999.0 -9999.0 -9999.0 -9999.0 -9999.0 -9999.0 0.17710347473621368 0.1755194365978241 0.14902545511722565 0.11309119313955307 0.08496026694774628 0.04365503787994385 0.001593119348399341 -0.03965163603425026 -0.057536765933036804 -0.059169232845306396 -0.04157668352127075 -0.011545935645699501 0.02336723543703556 0.04739278927445412 0.05863122269511223 0.05645499378442764 0.06851796805858612 0.08890248090028763 0.11820198595523834 0.1457127183675766 0.15980319678783417 0.17520003020763397 0.1684793084859848 0.1568136066198349 0.16670317947864532 0.17701561748981476 0.16858460009098053 0.17284280061721802 0.17662644386291504 0.16066861152648926 0.16588923335075378 0.16867583990097046 0.14826855063438416 0.1423061043024063 0.13125580549240112 0.13867081701755524 0.12798142433166504 -9999.0 0.16816404461860657 0.14919885993003845
-9999.0 -9999.0 -9999.0 -9999.0 -9999.0 -9999.0 -9999.0 0.15869776904582977 0.15306417644023895 0.11741115897893906 0.07810375839471817 0.04870222881436348 0.02683509886264801 -0.004539243411272764 -0.036944322288036346 -0.055844441056251526 -0.055660687386989594 -0.035082682967185974 -0.004905274137854576 0.018692266196012497 0.034363020211458206 0.033719584345817566 0.033765196800231934 0.06543973833322525 0.10231566429138184 0.12754659354686737 0.1428530514240265 0.1552385687828064 0.15673710405826569 0.1607511043548584 0.17841212451457977 0.15539351105690002 0.1493508666753769 0.16161693632602692 0.1503792256116867 0.1429433524608612 0.15150631964206696 0.14715662598609924 0.13673023879528046 0.1272067427635193 0.11209193617105484 0.102017842233181 0.1032022163271904 0.1049201563000679 0.12216644734144211 0.11321614682674408 0.12095920741558075
-9999.0 -9999.0 -9999.0 -9999.0 -9999.0 -9999.0 -9999.0 0.12622205913066864 0.12711168825626373 0.10973719507455826 0.07774177938699722 0.048372216522693634 0.016820237040519714 -0.014469830319285393 -0.025276219472289085 -0.040501147508621216 -0.03936312347650528 -0.03193708881735802 -0.012794009409844875 -0.0022252153139561415 -0.007356636226177216 -0.0051024304702878 0.027195511385798454 0.06516953557729721 0.09173460304737091 0.10677788406610489 0.13003584742546082 0.1562625914812088 0.1715744286775589 0.18584194779396057 0.18444745242595673 0.18017613887786865 0.1582014560699463 0.16055762767791748 0.15185366570949554 0.1553303748369217 0.15272121131420135 0.15022291243076324 0.14534157514572144 0.1401703804731369 0.13693580031394958 0.13306359946727753 0.12471689283847809 0.11353152990341187 0.10905482620000839 0.12026792019605637 0.11252223700284958
-9999.0 -9999.0 -9999.0 -9999.0 -9999.0 -9999.0 -9999.0 0.1677483171224594 0.1522141844034195 0.11000512540340424 0.08071977645158768 0.05251985415816307 0.030025752261281013 -0.009221686981618404 -0.0386231504380703 -0.06364818662405014 -0.0657738596200943 -0.048545919358730316 -0.0410110279917717 -0.030118178576231003 -0.01778361015021801 -0.01525948941707611 0.007676206529140472 0.04008428007364273 0.06451895833015442 0.08921462297439575 0.10933297872543335 0.1323769986629486 0.15812644362449646 0.16197969019412994 0.16650111973285675 0.18728139996528625 0.1779259741306305 0.1747419685125351 0.15054067969322205 0.15175761282444 0.1496623307466507 0.1465129405260086 0.14290864765644073 0.14076220989227295 0.1392413079738617 0.13785198330879211 0.1325926035642624 0.12613603472709656 0.1230401024222374 0.11980106681585312 0.12430918216705322
-9999.0 -9999.0 -9999.0 -9999.0 -9999.0 -9999.0 -9999.0 0.14195746183395386 0.12896782159805298 0.10571685433387756 0.06334894895553589 0.05053477734327316 0.029203183948993683 7.002251222729683E-4 -0.03194013237953186 -0.05113110691308975 -0.05221129581332207 -0.05850346013903618 -0.04252355173230171 -0.03189313784241676 -0.024673694744706154 -0.016256889328360558 -0.01438897754997015 0.008340545929968357 0.03229711204767227 0.05716699734330177 0.08589069545269012 0.1153896227478981 0.1416151076555252 0.15623889863491058 0.16337354481220245 0.17946213483810425 0.18658700585365295 0.18494611978530884 0.172829270362854 0.15965840220451355 0.15559519827365875 0.1516954004764557 0.14796759188175201 0.14640650153160095 0.1433809995651245 0.1392853558063507 0.13387008011341095 0.13261887431144714 0.1336977183818817 0.1267547905445099 0.12547145783901215
-9999.0 -9999.0 -9999.0 -9999.0 -9999.0 -9999.0 -9999.0 0.13078945875167847 0.11073669046163559 0.09149658679962158 0.0793122723698616 0.060302406549453735 0.04028969630599022 0.01740117184817791 -0.018959565088152885 -0.04672206565737724 -0.06749828159809113 -0.07074377685785294 -0.056622542440891266 -0.04134146496653557 -0.03298310562968254 -0.038284774869680405 -0.03893151879310608 -0.021074751392006874 0.005238933488726616 0.04049839451909065 0.06159092113375664 0.07696179300546646 0.09321890026330948 0.11153367906808853 0.13987456262111664 0.1683184951543808 0.18163666129112244 0.18674015998840332 0.1784326732158661 0.17004776000976562 0.15319794416427612 0.14826194941997528 0.1445903480052948 0.14556632936000824 0.1347508728504181 0.1338738203048706 0.14001226425170898 0.1411115974187851 0.14026394486427307 0.12791769206523895 0.13042233884334564
-9999.0 -9999.0 -9999.0 -9999.0 -9999.0 -9999.0 -9999.0 0.1529189944267273 0.14740976691246033 0.11913692206144333 0.08847488462924957 0.042814936488866806 0.014255561865866184 -0.014143508858978748 -0.02548983506858349 -0.042378980666399 -0.06606905907392502 -0.06705806404352188 -0.062142446637153625 -0.05270589515566826 -0.05497473478317261 -0.0517713762819767 -0.04454207792878151 -0.021772945299744606 0.01763927936553955 0.04648715257644653 0.05680188536643982 0.057689689099788666 0.040229395031929016 0.05283716320991516 0.07473935931921005 0.12289201468229294 0.16173402965068817 0.18140263855457306 0.169814795255661 0.1639273315668106 0.14931292831897736 0.13810205459594727 0.1328590363264084 0.14274628460407257 0.1329835057258606 0.1406892091035843 0.1453906148672104 0.14811132848262787 0.14290562272071838 0.13885527849197388 0.13911987841129303
-9999.0 -9999.0 -9999.0 -9999.0 -9999.0 -9999.0 -9999.0 0.12071186304092407 0.10244850814342499 0.08104041963815689 0.07262508571147919 0.06015164777636528 0.0415286161005497 0.001739021041430533 -0.033345650881528854 -0.05795995518565178 -0.06649395823478699 -0.05155835300683975 -0.04539817199110985 -0.02195092663168907 -0.036714937537908554 -0.03963159769773483 -0.03349662199616432 -0.008768941275775433 0.017699982970952988 0.03138183802366257 0.0362444669008255 0.0455176904797554 0.06270842254161835 0.07980640977621078 0.05406391993165016 0.015590695664286613 0.08511977642774582 0.15588702261447906 0.15107901394367218 0.13950946927070618 0.1387639045715332 0.12955689430236816 0.13331320881843567 0.12632155418395996 0.13562217354774475 0.14586259424686432 0.1517930030822754 0.14958572387695312 0.14848487079143524 0.1480078101158142 0.14487068355083466
-9999.0 -9999.0 -9999.0 -9999.0 -9999.0 -9999.0 -9999.0 0.1345042586326599 0.12239304184913635 0.09365705400705338 0.05434544011950493 0.01985919289290905 0.009192763827741146 -0.011837974190711975 -0.02383316308259964 -0.03344130516052246 -0.05084572359919548 -0.045760490000247955 -0.04713580384850502 -0.047156788408756256 -0.04931701347231865 -0.04018305242061615 -0.020670607686042786 0.006825942080467939 0.014624356292188168 0.026708217337727547 0.0414600670337677 0.06306011229753494 0.10999986529350281 0.12381283193826675 0.06563397496938705 -0.015397576615214348 0.01562081091105938 0.04192723333835602 0.06787092238664627 0.08522484451532364 0.09790551662445068 0.11279982328414917 0.12066206336021423 0.12612071633338928 0.14707309007644653 0.16091783344745636 0.16878020763397217 0.16400471329689026 0.162769615650177 0.1621796190738678 0.15642574429512024
-9999.0 -9999.0 -9999.0 -9999.0 -9999.0 -9999.0 -9999.0 0.056513745337724686 0.05343076214194298 0.06717237085103989 0.049660831689834595 0.026798823848366737 0.014542310498654842 -0.01721864938735962 -0.029995588585734367 -0.037545301020145416 -0.025447485968470573 -0.026688218116760254 -0.02763366512954235 -0.00213397154584527 -0.01464165560901165 0.0069231027737259865 0.007509795017540455 0.028524933382868767 0.008956307545304298 0.012176665477454662 0.026503147557377815 0.014333383180201054 -0.014231598004698753 -0.030473480001091957 -0.006139171775430441 0.0070123872719705105 -0.01946936920285225 -0.017122436314821243 0.01416118536144495 0.037952110171318054 0.040572937577962875 0.08818786591291428 0.14420756697654724 0.1573922336101532 0.18874117732048035 0.19866280257701874 0.19017013907432556 0.1859985888004303 0.17761896550655365 0.19301217794418335 0.19043079018592834
-9999.0 -9999.0 -9999.0 -9999.0 -9999.0 -9999.0 -9999.0 -0.03190421313047409 0.028437688946723938 0.09611787647008896 0.08367207646369934 -0.007085215765982866 -0.04269111528992653 -0.047962088137865067 0.0870230570435524 -0.014703850261867046 0.055721793323755264 -0.004910712130367756 -3.448149946052581E-4 0.07013068348169327 0.016457751393318176 0.05320076271891594 0.0647546723484993 0.0826764777302742 0.00588342035189271 0.011251081712543964 0.09979507327079773 0.07207152247428894 0.04409932345151901 0.03670689836144447 -0.024964401498436928 -0.04853810742497444 -0.08178934454917908 -0.11721504479646683 -0.1350172460079193 -0.16735346615314484 -0.14685514569282532 0.10106858611106873 0.23196588456630707 0.23270104825496674 0.23177216947078705 0.24887904524803162 0.22667407989501953 0.195220485329628 0.19363988935947418 0.18865413963794708 0.2255086600780487
