plugin/arcgrid/src/test/resources/it/geosolutions/imageio/plugins/arcgrid/test-data/arcGrid.asc
NCOLS         120
NROWS         85
XLLCORNER     9.420000076293945
YLLCORNER     42.20000076293945
CELLSIZE      0.019999996821085612
NODATA_VALUE  -9999.0
[rows 42 to 62 of 85, columns 0 to 46 of 120]
-9999.0 -9999.0 0.32068294286727905 0.3750790059566498 0.3982532322406769 0.37022873759269714 0.35486510396003723 0.34215083718299866 0.32966920733451843 0.2950707674026489 0.2567647695541382 0.2244684100151062 0.20018145442008972 0.18219979107379913 0.16474449634552002 0.15268808603286743 0.14258073270320892 0.13967053592205048 0.14817768335342407 0.1454588770866394 0.14768366515636444 0.14751149713993073 0.14504101872444153 0.1479867398738861 0.13625329732894897 0.1180347427725792 0.10043415427207947 0.0969032347202301 0.10777419805526733 0.16087011992931366 0.2182346135377884 0.2571108639240265 0.2820702791213989 0.29060834646224976 0.2761939764022827 0.2673495411872864 0.24642200767993927 0.22416239976882935 0.20203633606433868 0.19562049210071564 0.17770186066627502 0.14848819375038147 0.11787864565849304 0.09964807331562042 0.08752285689115524 0.07172682136297226 0.05372702702879906
-9999.0 -9999.0 0.19665761291980743 0.3278752267360687 0.3829956650733948 0.36993926763534546 0.33820849657058716 0.3353419601917267 0.31238803267478943 0.27220481634140015 0.2421063780784607 0.20370174944400787 0.17494401335716248 0.1555447280406952 0.1390264481306076 0.12727166712284088 0.11995264142751694 0.11798284202814102 0.13213194906711578 0.13875219225883484 0.15806953608989716 0.1583258956670761 0.16152895987033844 0.17249660193920135 0.1585911512374878 0.1485174000263214 0.1395477056503296 0.13222435116767883 0.13686633110046387 0.15068307518959045 0.13422690331935883 0.14555446803569794 0.18875496089458466 0.24814638495445251 0.279863566160202 0.27745288610458374 0.25747600197792053 0.23011711239814758 0.20568598806858063 0.19296960532665253 0.16876545548439026 0.1460736095905304 0.12642920017242432 0.10183747857809067 0.08733268082141876 0.06775064766407013 0.045709334313869476
-9999.0 -9999.0 0.14259034395217896 0.29698482155799866 0.34087565541267395 0.34094592928886414 0.3084453344345093 0.30672991275787354 0.28967270255088806 0.2588014602661133 0.229693204164505 0.18754549324512482 0.1632397472858429 0.14731737971305847 0.1289820522069931 0.11571075022220612 0.11025097966194153 0.11405941098928452 0.12635014951229095 0.1413571834564209 0.16192688047885895 0.1698053479194641 0.1792844533920288 0.18709337711334229 0.17555733025074005 0.16561666131019592 0.16580401360988617 0.1558179259300232 0.14848871529102325 0.14758697152137756 0.14779672026634216 0.17587551474571228 0.1808958500623703 0.1801316887140274 0.21642783284187317 0.2569611072540283 0.26115548610687256 0.23836924135684967 0.2107718139886856 0.1858130842447281 0.16735798120498657 0.14461258053779602 0.11677230149507523 0.09725841134786606 0.07419514656066895 0.05346689000725746 0.04109352082014084
-9999.0 -9999.0 -9999.0 0.2855992019176483 0.35181042551994324 0.33795076608657837 0.2959918975830078 0.27881303429603577 0.2728523910045624 0.25959235429763794 0.2305062711238861 0.18398939073085785 0.15426009893417358 0.14093588292598724 0.1291874796152115 0.12060843408107758 0.11681120842695236 0.12329436838626862 0.13694187998771667 0.15264366567134857 0.1699279248714447 0.17577701807022095 0.18251557648181915 0.18792510032653809 0.18424265086650848 0.1696966141462326 0.17538860440254211 0.1746508628129959 0.16479815542697906 0.16824716329574585 0.1628946214914322 0.1729707419872284 0.14533092081546783 0.1601754128932953 0.1940593272447586 0.23016323149204254 0.24999229609966278 0.24038609862327576 0.22021248936653137 0.1871202141046524 0.1578754484653473 0.1332828253507614 0.10867960005998611 0.09506800025701523 0.07435492426156998 0.05488670617341995 0.04246385022997856
-9999.0 -9999.0 -9999.0 0.2029685527086258 0.2585345506668091 0.2826666831970215 0.27110180258750916 0.27137696743011475 0.27513331174850464 0.26777249574661255 0.2329929769039154 0.18863561749458313 0.1605384200811386 0.1476583480834961 0.1394416093826294 0.13402383029460907 0.13352294266223907 0.13913384079933167 0.14966480433940887 0.15396006405353546 0.16654665768146515 0.17925044894218445 0.17689289152622223 0.17564710974693298 0.17477020621299744 0.17247287929058075 0.17968790233135223 0.1853141039609909 0.1737176477909088 0.17743878066539764 0.17792701721191406 0.19077204167842865 0.17453762888908386 0.16032640635967255 0.18574880063533783 0.23483259975910187 0.22995026409626007 0.22033090889453888 0.20192670822143555 0.16940511763095856 0.14516736567020416 0.12493293732404709 0.10307198017835617 0.08674498647451401 0.0700102299451828 0.058577246963977814 0.04695577174425125
-9999.0 -9999.0 -9999.0 0.1356661170721054 0.25382182002067566 0.27921876311302185 0.26119187474250793 0.25687167048454285 0.25927555561065674 0.2739139497280121 0.252240389585495 0.2109207659959793 0.17823995649814606 0.16273604333400726 0.15350204706192017 0.1457425206899643 0.14589524269104004 0.15055334568023682 0.1570795625448227 0.15727537870407104 0.1682761013507843 0.17434389889240265 0.1727340668439865 0.1817350834608078 0.17852835357189178 0.17572829127311707 0.18374644219875336 0.18827994167804718 0.1957036554813385 0.1993989795446396 0.1990245133638382 0.21478864550590515 0.14954277873039246 0.10432281345129013 0.20601949095726013 0.3049657940864563 0.26784077286720276 0.21827058494091034 0.19811874628067017 0.16196209192276 0.13423526287078857 0.11341746151447296 0.09402181953191757 0.08161953091621399 0.07386457175016403 0.06213231757283211 0.051339324563741684
-9999.0 -9999.0 -9999.0 0.09436870366334915 0.2099316269159317 0.2399069219827652 0.2440149337053299 0.2508765459060669 0.25371307134628296 0.2767493426799774 0.2625461220741272 0.22888530790805817 0.19555367529392242 0.1751345843076706 0.16286586225032806 0.15549492835998535 0.15187391638755798 0.15098485350608826 0.15369543433189392 0.16120316088199615 0.16754378378391266 0.1628286987543106 0.16927462816238403 0.19377774000167847 0.1922738254070282 0.1983920782804489 0.20288656651973724 0.20897814631462097 0.2175157368183136 0.2289445400238037 0.23601198196411133 0.23040534555912018 0.15907062590122223 0.061885952949523926 0.24885991215705872 0.32081979513168335 0.28967198729515076 0.23511458933353424 0.19340163469314575 0.15298452973365784 0.12792852520942688 0.10905296355485916 0.09072812646627426 0.07783570140600204 0.07277977466583252 0.06472264230251312 0.0533689521253109
-9999.0 -9999.0 -9999.0 -9999.0 0.13427162170410156 0.18483127653598785 0.19097822904586792 0.21153372526168823 0.2363310009241104 0.2688882648944855 0.2708016633987427 0.25317642092704773 0.2161673903465271 0.1911381036043167 0.17462502419948578 0.1627761870622635 0.15601617097854614 0.15440353751182556 0.15208207070827484 0.1607125997543335 0.1632627248764038 0.16776253283023834 0.17306174337863922 0.19464480876922607 0.2010388970375061 0.2077411413192749 0.2156682163476944 0.22195573151111603 0.23719774186611176 0.25489500164985657 0.27405521273612976 0.2446191906929016 0.15379446744918823 -9999.0 0.26575174927711487 0.2887909710407257 0.2601979672908783 0.2238670289516449 0.1779395341873169 0.1432524174451828 0.11853687465190887 0.10283371806144714 0.08794333040714264 0.07460503280162811 0.06405440717935562 0.0615769699215889 0.053826797753572464
-9999.0 -9999.0 -9999.0 -9999.0 -9999.0 0.09513531625270844 0.1414324939250946 0.2031404823064804 0.25704678893089294 0.2912084460258484 0.3065233528614044 0.2841627895832062 0.24546094238758087 0.21428252756595612 0.19009624421596527 0.17420274019241333 0.16406592726707458 0.15943187475204468 0.16043275594711304 0.16526272892951965 0.16573649644851685 0.17473970353603363 0.1752893328666687 0.1887502521276474 0.18939323723316193 0.1971498727798462 0.21222659945487976 0.23120014369487762 0.24899905920028687 0.28410443663597107 0.3036206066608429 0.25735417008399963 -9999.0 -9999.0 0.2947010397911072 0.27767542004585266 0.22862115502357483 0.19148872792720795 0.1544935703277588 0.13018591701984406 0.11567728966474533 0.085093654692173 0.06985009461641312 0.060436561703681946 0.06076069548726082 0.05143796652555466 0.04606655240058899
-9999.0 -9999.0 -9999.0 -9999.0 -9999.0 0.024037862196564674 0.11244630068540573 0.20719149708747864 0.2903413772583008 0.3262065052986145 0.32862019538879395 0.3033445179462433 0.2654172480106354 0.2311978042125702 0.2046075314283371 0.1843220740556717 0.1727268248796463 0.17279966175556183 0.17253242433071136 0.17022697627544403 0.1681886613368988 0.16824060678482056 0.16255635023117065 0.17558661103248596 0.18414077162742615 0.18840235471725464 0.20415876805782318 0.22701247036457062 0.2573627233505249 0.2930201590061188 0.3057140111923218 0.2552674114704132 -9999.0 -9999.0 0.26615968346595764 0.24903041124343872 0.20032772421836853 0.16511249542236328 0.1330888420343399 0.11013717204332352 0.10329556465148926 0.07178086787462234 0.06075812131166458 0.053984448313713074 0.05175325646996498 0.04047109931707382 0.03939708322286606
-9999.0 -9999.0 -9999.0 -9999.0 -9999.0 -9999.0 0.061093661934137344 0.1674230545759201 0.2768494784832001 0.3233044743537903 0.32473838329315186 0.3100564479827881 0.2779253125190735 0.24156108498573303 0.21307095885276794 0.1920659989118576 0.18056634068489075 0.17398451268672943 0.1731501966714859 0.17137476801872253 0.17137055099010468 0.17878204584121704 0.17197392880916595 0.17610710859298706 0.18259471654891968 0.18360593914985657 0.18912889063358307 0.20403900742530823 0.2132480889558792 0.22657378017902374 0.24843952059745789 0.2654673755168915 0.2807276248931885 0.2898968756198883 0.23938605189323425 0.1950928121805191 0.15757088363170624 0.13420745730400085 0.1103709265589714 0.090001679956913 0.08238191902637482 0.0654706135392189 0.055232562124729156 0.04632342606782913 0.045106466859579086 0.036816228181123734 0.032715652137994766
-9999.0 -9999.0 -9999.0 -9999.0 -9999.0 -9999.0 0.0456697903573513 0.1848837435245514 0.2953355014324188 0.3253616392612457 0.3322964906692505 0.31823915243148804 0.290700763463974 0.25544777512550354 0.22643570601940155 0.20209099352359772 0.1893092393875122 0.17660143971443176 0.1727391630411148 0.1716315746307373 0.17549921572208405 0.17063379287719727 0.16645053029060364 0.18132513761520386 0.18683820962905884 0.186165452003479 0.18850606679916382 0.19179178774356842 0.2176240235567093 0.2466617226600647 0.25357332825660706 0.21533045172691345 0.21352936327457428 0.21161536872386932 0.23362572491168976 0.21585045754909515 0.16489805281162262 0.12970469892024994 0.11375435441732407 0.0966368094086647 0.07888377457857132 0.06829030811786652 0.05231597274541855 0.04781632125377655 0.03774266690015793 0.02405133843421936 0.014720642939209938
-9999.0 -9999.0 -9999.0 -9999.0 -9999.0 -9999.0 0.10176105052232742 0.24169841408729553 0.3409573435783386 0.35724493861198425 0.34629741311073303 0.3262243866920471 0.30310195684432983 0.2699752151966095 0.23801465332508087 0.21102747321128845 0.19486574828624725 0.17696939408779144 0.1692885458469391 0.16948723793029785 0.1687561422586441 0.1721346080303192 0.17338190972805023 0.16875885426998138 0.1669624298810959 0.17376208305358887 0.18135966360569 0.18608568608760834 0.18554364144802094 0.18812063336372375 0.2147001326084137 0.2364535629749298 0.23842932283878326 0.21535612642765045 0.20163992047309875 0.17987178266048431 0.1554984599351883 0.12123087793588638 0.10872633010149002 0.0919242799282074 0.07411589473485947 0.06330346316099167 0.05440237373113632 0.04348776489496231 0.0367058701813221 0.033695951104164124 0.0291956327855587
-9999.0 -9999.0 -9999.0 -9999.0 -9999.0 -9999.0 0.09011511504650116 0.24620315432548523 0.35157346725463867 0.37631955742836 0.3621963858604431 0.33558300137519836 0.30947059392929077 0.2783503830432892 0.24837040901184082 0.21724173426628113 0.19436487555503845 0.1761212944984436 0.1634558141231537 0.16310587525367737 0.15917377173900604 0.1591639220714569 0.15843082964420319 0.16274571418762207 0.1644030213356018 0.16887669265270233 0.1782499998807907 0.19478465616703033 0.21122629940509796 0.21786504983901978 0.21053855121135712 0.1988581269979477 0.20731066167354584 0.20038272440433502 0.20377928018569946 0.19251097738742828 0.15216782689094543 0.11858975887298584 0.09964655339717865 0.08008409291505814 0.07046081125736237 0.06231747195124626 0.054711341857910156 0.04651832953095436 0.03851373493671417 0.03157397732138634 0.018138794228434563
-9999.0 -9999.0 -9999.0 -9999.0 -9999.0 -9999.0 0.10419563949108124 0.23414699733257294 0.3640706241130829 0.3755532503128052 0.35462841391563416 0.3295290768146515 0.30558153986930847 0.27132347226142883 0.24001671373844147 0.21298766136169434 0.18960674107074738 0.16886231303215027 0.15823648869991302 0.15216171741485596 0.14722053706645966 0.1484057754278183 0.15257349610328674 0.1497049182653427 0.15540838241577148 0.16078481078147888 0.16954784095287323 0.1843874603509903 0.19252599775791168 0.19424185156822205 0.2002590000629425 0.2135915607213974 0.20200079679489136 0.19901655614376068 0.17254947125911713 0.1743752658367157 0.1507394015789032 0.11623436957597733 0.09519162774085999 0.08324418216943741 0.07057802379131317 0.06488599628210068 0.05033758282661438 0.043049104511737823 0.02957138977944851 0.022684717550873756 0.012798534706234932
-9999.0 -9999.0 -9999.0 -9999.0 -9999.0 -9999.0 0.12014620006084442 0.2390778809785843 0.36257681250572205 0.363776296377182 0.3354608714580536 0.31034183502197266 0.2872293293476105 0.25654950737953186 0.22804094851016998 0.20099672675132751 0.17433275282382965 0.15468530356884003 0.14488612115383148 0.13993047177791595 0.13730847835540771 0.1361413151025772 0.15040087699890137 0.15181194245815277 0.1553240418434143 0.15759961307048798 0.17128241062164307 0.1861179918050766 0.18778756260871887 0.18654434382915497 0.18242116272449493 0.17649610340595245 0.17519982159137726 0.19468757510185242 0.1754673272371292 0.16276270151138306 0.15054771304130554 0.12486207485198975 0.10080274939537048 0.08793763071298599 0.07890278100967407 0.06770723313093185 0.049448251724243164 0.04024401679635048 0.04049253091216087 0.03249158710241318 0.009022066369652748
-9999.0 -9999.0 -9999.0 -9999.0 -9999.0 -9999.0 0.13907454907894135 0.25204238295555115 0.3565925061702728 0.34994521737098694 0.32394924759864807 0.292750746011734 0.2652788758277893 0.23815026879310608 0.2156214565038681 0.19311325252056122 0.1674121767282486 0.14540283381938934 0.13459232449531555 0.12878398597240448 0.1250973790884018 0.1272663027048111 0.1330028921365738 0.13101349771022797 0.14343833923339844 0.1551276445388794 0.16905932128429413 0.1852675974369049 0.19471322000026703 0.20502254366874695 0.20808036625385284 0.19646033644676208 0.1837887167930603 0.18709444999694824 0.17245738208293915 0.15796111524105072 0.14389318227767944 0.12011529505252838 0.09733458608388901 0.08966460078954697 0.07928865402936935 0.06327402591705322 0.04427318647503853 0.03767888993024826 0.03412102162837982 0.02933170460164547 0.019262749701738358
-9999.0 -9999.0 -9999.0 -9999.0 -9999.0 -9999.0 0.14387015998363495 0.26263317465782166 0.338923841714859 0.33231228590011597 0.3117803633213043 0.28306901454925537 0.253077894449234 0.2243250012397766 0.20442979037761688 0.1833450347185135 0.16010428965091705 0.14262337982654572 0.13252055644989014 0.12618407607078552 0.11954521387815475 0.11921542137861252 0.13180485367774963 0.13404299318790436 0.14106149971485138 0.14335675537586212 0.15729813277721405 0.17332735657691956 0.18579819798469543 0.19646704196929932 0.20295573770999908 0.19833475351333618 0.185342475771904 0.1836410015821457 0.16842643916606903 0.15425333380699158 0.13429997861385345 0.11870529502630234 0.10058574378490448 0.08777659386396408 0.07794462889432907 0.06666012108325958 0.049771662801504135 0.04243895784020424 0.03610188513994217 0.029158050194382668 0.024646345525979996
-9999.0 -9999.0 -9999.0 -9999.0 -9999.0 -9999.0 0.13869614899158478 0.26848772168159485 0.33645835518836975 0.32393261790275574 0.29846879839897156 0.2729998826980591 0.24275119602680206 0.21111634373664856 0.18542321026325226 0.16635920107364655 0.14718636870384216 0.12840864062309265 0.12025144696235657 0.11801353096961975 0.11963056772947311 0.12157666683197021 0.12336280941963196 0.1335103064775467 0.14986111223697662 0.1520424783229828 0.16398835182189941 0.17123615741729736 0.17994895577430725 0.19442002475261688 0.20063944160938263 0.2046719640493393 0.19356027245521545 0.17985400557518005 0.17161670327186584 0.1527038812637329 0.137168750166893 0.11615745723247528 0.09772475808858871 0.08863721787929535 0.08387690782546997 0.0754234716296196 0.06343137472867966 0.050873659551143646 0.0340910330414772 0.034049831330776215 0.01875675655901432
-9999.0 -9999.0 -9999.0 -9999.0 -9999.0 -9999.0 0.13171611726284027 0.27448198199272156 0.3344017565250397 0.31795915961265564 0.2900463938713074 0.26859769225120544 0.2315508872270584 0.20540963113307953 0.1778605580329895 0.15462423861026764 0.13268490135669708 0.11560310423374176 0.10724593698978424 0.10306711494922638 0.10194627195596695 0.10138191282749176 0.10936036705970764 0.12356250733137131 0.1331126093864441 0.1400665044784546 0.1531977653503418 0.16613124310970306 0.17679058015346527 0.18860678374767303 0.19608062505722046 0.20589593052864075 0.21022401750087738 0.18190982937812805 0.17626573145389557 0.16059058904647827 0.1436743140220642 0.127187117934227 0.11513949930667877 0.09707289189100266 0.08921461552381516 0.07869528234004974 0.05927000939846039 0.05763350427150726 0.03817981109023094 0.03884037956595421 0.024249793961644173
-9999.0 -9999.0 -9999.0 -9999.0 -9999.0 -9999.0 0.13361118733882904 0.28674930334091187 0.33086997270584106 0.31021830439567566 0.28376877307891846 0.2529789209365845 0.2230684608221054 0.19191108644008636 0.1634327471256256 0.14216779172420502 0.12082699686288834 0.0978691577911377 0.08946570008993149 0.0915742963552475 0.09037963300943375 0.09482645243406296 0.10386848449707031 0.1156037226319313 0.12549760937690735 0.13802199065685272 0.15475992858409882 0.16694188117980957 0.18021999299526215 0.19510027766227722 0.2030951827764511 0.20601968467235565 0.20396965742111206 0.18296632170677185 0.17466692626476288 0.16394683718681335 0.13839544355869293 0.11631488054990768 0.11803938448429108 0.09532546252012253 0.09194469451904297 0.07876299321651459 0.06971920281648636 0.058056194335222244 0.043895892798900604 0.04246034100651741 0.034935884177684784
