plugin/arcgrid/src/test/resources/it/geosolutions/imageio/plugins/arcgrid/test-data/arcGrid.asc
NCOLS         120
NROWS         85
XLLCORNER     9.420000076293945
YLLCORNER     42.20000076293945
CELLSIZE      0.019999996821085612
NODATA_VALUE  -9999.0
[rows 21 to 41 of 85, columns 0 to 46 of 120]
-9999.0 -9999.0 -9999.0 0.13440930843353271 0.20152804255485535 0.2740664780139923 0.3184373080730438 0.3154720962047577 0.3157668113708496 0.32537880539894104 0.32903969287872314 0.33016782999038696 0.31200671195983887 0.2907197177410126 0.271618515253067 0.2608492076396942 0.24979345500469208 0.23269730806350708 0.2140302211046219 0.19796675443649292 0.17713342607021332 0.16495077311992645 0.15271668136119843 0.14605817198753357 0.13871058821678162 0.14973488450050354 0.16069048643112183 0.16406145691871643 0.16427959501743317 0.16193976998329163 0.15493161976337433 0.14843544363975525 0.13733457028865814 0.14033330976963043 0.14182758331298828 0.1392529010772705 0.13945980370044708 0.1344243735074997 0.13966800272464752 0.13544704020023346 0.12743470072746277 0.12712502479553223 0.12822280824184418 0.13377471268177032 0.13420875370502472 0.12982553243637085 0.12041398882865906
-9999.0 -9999.0 -9999.0 0.11869309842586517 0.19374734163284302 0.2713927924633026 0.2937377095222473 0.29370737075805664 0.2966080605983734 0.310834676027298 0.3019474148750305 0.28916993737220764 0.2780303657054901 0.26952943205833435 0.2657434344291687 0.2520945072174072 0.23535804450511932 0.2182542085647583 0.2091040164232254 0.19372910261154175 0.17497630417346954 0.16427530348300934 0.16076184809207916 0.16741229593753815 0.1715342402458191 0.15557390451431274 0.1368258148431778 0.1306704431772232 0.1301357001066208 0.13887788355350494 0.1427411139011383 0.14379261434078217 0.13728702068328857 0.14257381856441498 0.14205248653888702 0.14010100066661835 0.13725590705871582 0.13487929105758667 0.13614246249198914 0.13214975595474243 0.12993121147155762 0.1307549923658371 0.13073477149009705 0.12858864665031433 0.12752516567707062 0.12131313234567642 0.1038796678185463
-9999.0 -9999.0 -9999.0 0.10938107967376709 0.18966470658779144 0.25972914695739746 0.27599021792411804 0.2810457944869995 0.2860051989555359 0.2844522297382355 0.28367555141448975 0.2881941795349121 0.2879984974861145 0.2695035934448242 0.2513183057308197 0.23191997408866882 0.21710410714149475 0.2016829401254654 0.18977577984333038 0.17738939821720123 0.16800905764102936 0.16055789589881897 0.15335872769355774 0.13355602324008942 0.13342003524303436 0.14091165363788605 0.1433604210615158 0.14605149626731873 0.13905267417430878 0.14697203040122986 0.15285472571849823 0.1607510894536972 0.15339644253253937 0.14900217950344086 0.14231328666210175 0.138962984085083 0.13485507667064667 0.13158604502677917 0.12799762189388275 0.1293977051973343 0.12991824746131897 0.12693001329898834 0.12610286474227905 0.13281524181365967 0.13611216843128204 0.12474603205919266 0.10672775655984879
-9999.0 -9999.0 -9999.0 0.10160454362630844 0.19066216051578522 0.2565459609031677 0.2619090974330902 0.26278847455978394 0.2675412893295288 0.263146311044693 0.2723447382450104 0.2657605707645416 0.25769108533859253 0.2569521963596344 0.25433191657066345 0.24068060517311096 0.2275770753622055 0.21353572607040405 0.20087555050849915 0.18547675013542175 0.16982929408550262 0.15517041087150574 0.1711517870426178 0.16618506610393524 0.16002559661865234 0.1482468694448471 0.13081693649291992 0.132012277841568 0.13263039290905 0.13607476651668549 0.1406574696302414 0.15310363471508026 0.15122878551483154 0.16002805531024933 0.15525247156620026 0.1476282775402069 0.1408768892288208 0.1310514509677887 0.12560701370239258 0.12305397540330887 0.12085288763046265 0.1167076975107193 0.12250343710184097 0.13024666905403137 0.1335066258907318 0.12590304017066956 0.11405015736818314
-9999.0 -9999.0 -9999.0 0.08778979629278183 0.1866089105606079 0.2394130378961563 0.2446209043264389 0.2463507205247879 0.25148314237594604 0.2538727819919586 0.25910720229148865 0.26259058713912964 0.26776692271232605 0.2657211124897003 0.25622910261154175 0.234226256608963 0.22483734786510468 0.2194134145975113 0.2045360803604126 0.18818171322345734 0.1763826310634613 0.16728606820106506 0.16682712733745575 0.14499932527542114 0.1396825611591339 0.15215525031089783 0.15388961136341095 0.15561039745807648 0.15457287430763245 0.1566959023475647 0.1596672683954239 0.1624743938446045 0.15777453780174255 0.15845410525798798 0.15717802941799164 0.15072104334831238 0.1411004513502121 0.13663889467716217 0.1315576285123825 0.12627072632312775 0.11602446436882019 0.11062588542699814 0.11109130084514618 0.12232425063848495 0.1290188729763031 0.12857162952423096 0.12127488106489182
-9999.0 -9999.0 -9999.0 0.08299963176250458 0.1903035044670105 0.235556498169899 0.23364494740962982 0.22864073514938354 0.2298981100320816 0.23592978715896606 0.24472913146018982 0.25343838334083557 0.26179811358451843 0.26414963603019714 0.2656500041484833 0.251574844121933 0.24480171501636505 0.22706899046897888 0.21126717329025269 0.19264590740203857 0.18435382843017578 0.17303922772407532 0.16248401999473572 0.16235631704330444 0.15807339549064636 0.14750860631465912 0.1469941884279251 0.14381839334964752 0.14773711562156677 0.15238796174526215 0.15953902900218964 0.16764475405216217 0.1684364378452301 0.15401983261108398 0.1442936807870865 0.13586468994617462 0.13255812227725983 0.14196865260601044 0.14440980553627014 0.14124193787574768 0.1323079913854599 0.11530705541372299 0.11406611651182175 0.1165015697479248 0.12067383527755737 0.11597365140914917 0.11096754670143127
-9999.0 -9999.0 -9999.0 0.08384869992733002 0.18993468582630157 0.221805140376091 0.21677954494953156 0.21511822938919067 0.21641138195991516 0.22392898797988892 0.23878204822540283 0.25001537799835205 0.2574269473552704 0.2698683440685272 0.2740224003791809 0.2656416594982147 0.26081082224845886 0.24782302975654602 0.22825010120868683 0.21015901863574982 0.19996726512908936 0.1832839995622635 0.17212778329849243 0.15912407636642456 0.14244242012500763 0.1420629322528839 0.15168705582618713 0.15992037951946259 0.16118121147155762 0.16428028047084808 0.16076581180095673 0.18348421156406403 0.18063592910766602 0.17163781821727753 0.1631191223859787 0.143851637840271 0.12757782638072968 0.12984110414981842 0.14026927947998047 0.1441684514284134 0.13917814195156097 0.1285901516675949 0.12775607407093048 0.12083541601896286 0.12065339088439941 0.10938283056020737 0.09890787303447723
-9999.0 -9999.0 -9999.0 0.0902625173330307 0.1744370460510254 0.21121840178966522 0.21483148634433746 0.20759941637516022 0.20031893253326416 0.1968228667974472 0.20512741804122925 0.22426828742027283 0.2514360845088959 0.27092790603637695 0.2859659492969513 0.2863785922527313 0.273429811000824 0.26122334599494934 0.2434847503900528 0.2257910966873169 0.2190241515636444 0.20200131833553314 0.18260392546653748 0.16747123003005981 0.1587512344121933 0.16371963918209076 0.16043667495250702 0.16652925312519073 0.16028225421905518 0.18384450674057007 0.16965247690677643 0.19874641299247742 0.1897757351398468 0.18368779122829437 0.17860954999923706 0.17007207870483398 0.14562095701694489 0.12522047758102417 0.11806448549032211 0.12260447442531586 0.12554532289505005 0.11599234491586685 0.12837225198745728 0.12552286684513092 0.10511378943920135 0.08491659164428711 0.08455725014209747
-9999.0 -9999.0 -9999.0 0.053977590054273605 0.14054247736930847 0.18260426819324493 0.1960306465625763 0.20227575302124023 0.1952214241027832 0.19630658626556396 0.209372878074646 0.22727325558662415 0.24929027259349823 0.26552262902259827 0.28281301259994507 0.2919413447380066 0.28771430253982544 0.27607133984565735 0.26116910576820374 0.2459401786327362 0.23081228137016296 0.2127411961555481 0.19287773966789246 0.181868314743042 0.16342084109783173 0.17171739041805267 0.17484113574028015 0.18130607903003693 0.19074493646621704 0.20908962190151215 0.19499216973781586 0.23060712218284607 0.2120831310749054 0.20464247465133667 0.1854092925786972 0.1731327474117279 0.153697207570076 0.11664477735757828 0.08617617934942245 0.07431173324584961 0.08471836149692535 0.07368585467338562 0.13949452340602875 0.09458496421575546 0.061636317521333694 0.06802555173635483 0.09813378751277924
-9999.0 -9999.0 -9999.0 0.01394351664930582 0.11214922368526459 0.17919275164604187 0.2065437287092209 0.22348527610301971 0.23064900934696198 0.21817238628864288 0.2032182365655899 0.2070419043302536 0.2245384007692337 0.2551123797893524 0.2848197817802429 0.29697954654693604 0.29586076736450195 0.28470104932785034 0.27416500449180603 0.2537570893764496 0.24290844798088074 0.22709666192531586 0.2042957842350006 0.18795514106750488 0.17250946164131165 0.17731456458568573 0.18230903148651123 0.189756840467453 0.20652800798416138 0.21763992309570312 0.22397878766059875 0.24178144335746765 0.2256014496088028 0.23567257821559906 0.2200518697500229 0.2064170241355896 0.17382879555225372 0.14116236567497253 0.10616908222436905 0.05857414752244949 0.04671057313680649 0.03803384676575661 0.1874827891588211 -9999.0 -9999.0 -0.0013917835894972086 -0.024721764028072357
-9999.0 -9999.0 -9999.0 -0.010699586942791939 0.09244760870933533 0.17430603504180908 0.2237117737531662 0.25359413027763367 0.24933388829231262 0.24240842461585999 0.2259989082813263 0.2240893542766571 0.23154251277446747 0.2440049946308136 0.2676335275173187 0.2862241268157959 0.29602599143981934 0.29220184683799744 0.28017503023147583 0.25887152552604675 0.24662895500659943 0.2260819673538208 0.2101411372423172 0.18961960077285767 0.17457252740859985 0.17529280483722687 0.1909128874540329 0.20554722845554352 0.2231016457080841 0.2393757700920105 0.26161283254623413 0.25953221321105957 0.2618788182735443 0.26141810417175293 0.2381872981786728 0.22450771927833557 0.16249054670333862 0.10901063680648804 0.05990166589617729 0.02594979852437973 -0.02507328987121582 -0.007976209744811058 -9999.0 -9999.0 -9999.0 -9999.0 -9999.0
-9999.0 -9999.0 -9999.0 -9999.0 0.10686195641756058 0.20694351196289062 0.25549355149269104 0.28651365637779236 0.28776758909225464 0.2819043695926666 0.2694152891635895 0.2532276511192322 0.24599012732505798 0.2602495551109314 0.2701704204082489 0.2877676784992218 0.2921544313430786 0.2860942780971527 0.2781603932380676 0.256938636302948 0.24149197340011597 0.22998780012130737 0.20837374031543732 0.18474933505058289 0.1739574670791626 0.1742495745420456 0.19623829424381256 0.21774157881736755 0.2497827708721161 0.27447548508644104 0.28156283497810364 0.27892017364501953 0.2963281273841858 0.28805434703826904 0.27472445368766785 0.1707933396100998 -9999.0 -9999.0 -9999.0 -9999.0 0.0036939901765435934 -0.017269151285290718 -9999.0 -9999.0 -9999.0 -9999.0 -9999.0
-9999.0 -9999.0 -9999.0 -9999.0 0.16940908133983612 0.26132670044898987 0.3121829628944397 0.3076510727405548 0.30284950137138367 0.29646459221839905 0.27763083577156067 0.26792111992836 0.26702743768692017 0.2846415638923645 0.28887492418289185 0.2927281856536865 0.2908756136894226 0.27994948625564575 0.275104820728302 0.25361162424087524 0.2310871183872223 0.21651609241962433 0.19604849815368652 0.17880913615226746 0.1686512678861618 0.1734701693058014 0.2009405791759491 0.2375507652759552 0.269413560628891 0.2962101101875305 0.3014298975467682 0.29769784212112427 0.30880939960479736 0.31740111112594604 0.2669697403907776 -9999.0 -9999.0 -9999.0 -9999.0 -9999.0 -9999.0 -9999.0 -9999.0 -9999.0 -9999.0 -9999.0 -9999.0
-9999.0 -9999.0 -9999.0 -9999.0 0.24015216529369354 0.3116340637207031 0.3337394893169403 0.32429084181785583 0.3202006220817566 0.3170871436595917 0.30933910608291626 0.2978920042514801 0.29278212785720825 0.2983973026275635 0.29543060064315796 0.29292628169059753 0.28312814235687256 0.2686106264591217 0.24872387945652008 0.23496396839618683 0.223836287856102 0.20569074153900146 0.1904243677854538 0.17071770131587982 0.15870921313762665 0.1724821925163269 0.20250260829925537 0.24596324563026428 0.28176915645599365 0.3067566156387329 0.31194087862968445 0.30830317735671997 0.32809504866600037 0.32659754157066345 0.23781277239322662 -9999.0 -9999.0 -9999.0 -9999.0 -9999.0 -9999.0 -9999.0 -9999.0 -9999.0 -9999.0 -9999.0 -9999.0
-9999.0 -9999.0 -9999.0 0.16144679486751556 0.2949833869934082 0.3266860246658325 0.33721867203712463 0.32992568612098694 0.3194250166416168 0.3142506182193756 0.3087981343269348 0.31440404057502747 0.29906558990478516 0.3045210540294647 0.29956620931625366 0.2891184091567993 0.2699999511241913 0.25054314732551575 0.23567333817481995 0.215613454580307 0.20718450844287872 0.18753503262996674 0.17118844389915466 0.156919464468956 0.15239538252353668 0.16949953138828278 0.20540264248847961 0.2516028583049774 0.2897949516773224 0.3121144473552704 0.31467410922050476 0.3166811764240265 0.32561182975769043 0.33515211939811707 0.2439812570810318 -9999.0 -9999.0 -9999.0 -9999.0 -9999.0 -9999.0 -9999.0 -9999.0 -9999.0 -9999.0 -9999.0 -9999.0
-9999.0 -9999.0 -9999.0 0.2361331284046173 0.35620662569999695 0.3726590871810913 0.38342392444610596 0.3774295747280121 0.365206241607666 0.3564818501472473 0.34532368183135986 0.35134273767471313 0.316249817609787 0.3065894544124603 0.28395020961761475 0.2641654312610626 0.24650128185749054 0.22917146980762482 0.21705594658851624 0.20250585675239563 0.19205352663993835 0.1729632318019867 0.1574108898639679 0.14324991405010223 0.13811834156513214 0.15918035805225372 0.20072722434997559 0.25183096528053284 0.29370397329330444 0.31851574778556824 0.32650071382522583 0.32743769884109497 0.36112144589424133 0.3551371991634369 0.24082988500595093 -9999.0 -9999.0 -9999.0 -9999.0 -9999.0 -9999.0 -9999.0 -9999.0 -9999.0 -9999.0 -9999.0 -9999.0
-9999.0 -9999.0 -9999.0 0.33285993337631226 0.4383905827999115 0.41238489747047424 0.41136693954467773 0.39186376333236694 0.3834260404109955 0.3631202280521393 0.3515165448188782 0.33817732334136963 0.30644845962524414 0.2856486439704895 0.2643395662307739 0.24519608914852142 0.22528553009033203 0.21100391447544098 0.2014211267232895 0.18792200088500977 0.1767035275697708 0.16441422700881958 0.14170992374420166 0.12503762543201447 0.12403512746095657 0.14539235830307007 0.19215428829193115 0.24492675065994263 0.29162803292274475 0.3181414306163788 0.32282912731170654 0.3280220031738281 0.3618684709072113 0.3795829117298126 0.30820921063423157 -9999.0 -9999.0 -9999.0 -9999.0 -9999.0 -9999.0 -9999.0 -9999.0 -9999.0 -9999.0 -9999.0 -9999.0
-9999.0 -9999.0 0.34304165840148926 0.37295717000961304 0.4176589846611023 0.40443599224090576 0.4095953106880188 0.40657326579093933 0.398075670003891 0.37416547536849976 0.3556830585002899 0.32616278529167175 0.28330808877944946 0.2556680142879486 0.23092429339885712 0.2201061248779297 0.21316419541835785 0.2019684761762619 0.19216595590114594 0.18216128647327423 0.17436367273330688 0.1595301628112793 0.13114365935325623 0.11426258087158203 0.10690069943666458 0.12198404222726822 0.16209420561790466 0.21848316490650177 0.272490531206131 0.310201495885849 0.31537923216819763 0.2835065722465515 0.27052417397499084 0.29514288902282715 0.3278990089893341 0.30903351306915283 0.2157624065876007 -9999.0 -9999.0 -9999.0 -9999.0 -9999.0 0.04307640716433525 0.01958569698035717 0.006255371030420065 -0.0037969141267240047 0.03383026272058487
-9999.0 -9999.0 0.310526043176651 0.39176318049430847 0.4625256359577179 0.44147732853889465 0.4212077856063843 0.39988502860069275 0.3814426362514496 0.3439203202724457 0.3128286600112915 0.28112706542015076 0.25227513909339905 0.2360616773366928 0.2245693802833557 0.21953682601451874 0.2117013931274414 0.19967587292194366 0.1888931691646576 0.1767558455467224 0.17461931705474854 0.14970238506793976 0.12675169110298157 0.10405496507883072 0.09624434262514114 0.0971628800034523 0.12740330398082733 0.18256017565727234 0.2465766817331314 0.30234065651893616 0.33681923151016235 0.33429524302482605 0.2987953722476959 0.23389077186584473 0.20314207673072815 0.21646885573863983 0.2180095613002777 0.22633403539657593 0.1863863319158554 0.1455305814743042 0.11061516404151917 0.09242558479309082 0.07410689443349838 0.058285776525735855 0.04596362262964249 0.028342213481664658 0.0076522668823599815
-9999.0 -9999.0 0.36932629346847534 0.4195637106895447 0.43965673446655273 0.4191634953022003 0.3963857591152191 0.38245996832847595 0.3558935225009918 0.3220577836036682 0.29118090867996216 0.2679091989994049 0.24268993735313416 0.22805170714855194 0.21679124236106873 0.20899684727191925 0.19820423424243927 0.1864992380142212 0.17876484990119934 0.1719771921634674 0.1663157194852829 0.1481877714395523 0.13009728491306305 0.1136249378323555 0.09627362340688705 0.08142479509115219 0.09419823437929153 0.13645024597644806 0.17834660410881042 0.22059941291809082 0.2597821354866028 0.2892458736896515 0.3102453649044037 0.30897751450538635 0.28653815388679504 0.24123015999794006 0.19979096949100494 0.18238413333892822 0.18610930442810059 0.17536473274230957 0.1405961513519287 0.11818849295377731 0.09188784658908844 0.07854553312063217 0.05871694162487984 0.04239692538976669 0.04140129312872887
-9999.0 -9999.0 0.3204697072505951 0.3848652243614197 0.4362664520740509 0.41142353415489197 0.38563188910484314 0.3745177388191223 0.3415910601615906 0.3045123815536499 0.27249231934547424 0.24832510948181152 0.22953377664089203 0.2148561328649521 0.19774845242500305 0.18353362381458282 0.1719357669353485 0.16552451252937317 0.16294261813163757 0.15936514735221863 0.1650591343641281 0.1484023779630661 0.13046596944332123 0.12117574363946915 0.11089599132537842 0.08971477299928665 0.09097249805927277 0.11450185626745224 0.15267494320869446 0.1990947276353836 0.2427419126033783 0.2576274573802948 0.2631334960460663 0.2682926654815674 0.2701399028301239 0.26659679412841797 0.2376687377691269 0.2117389738559723 0.20259441435337067 0.18786166608333588 0.1700567752122879 0.14350676536560059 0.12124335020780563 0.1022319570183754 0.09216701984405518 0.07636334002017975 0.06822720915079117
