plugin/gdal/gdalvrt/src/test/resources/it/geosolutions/imageio/plugins/vrt/test-data/095b_dem_90m.asc
ncols         351
nrows         350
xllcorner     969870
yllcorner     642840
cellsize      90
NODATA_value  -9999
[rows 123 to 163 of 350, columns 0 to 91 of 351]
-9999 -9999 -9999 -9999 -9999 -9999 -9999 -9999 -9999 -9999 -9999 444 438 435 441 457 472 479 477 471 464 454 437 421 411 408 406 404 400 396 394 392 390 388 385 383 381 380 378 376 375 372 370 367 365 363 361 360 359 357 356 355 353 352 350 349 349 350 350 350 350 349 348 347 345 346 348 349 349 349 349 349 349 349 349 349 349 350 351 351 352 352 354 355 356 357 358 359 360 361 362 363
-9999 -9999 -9999 -9999 -9999 -9999 -9999 -9999 -9999 -9999 -9999 439 433 431 435 449 469 473 468 462 454 441 428 417 409 408 406 404 401 398 395 393 390 388 385 382 380 378 377 375 374 371 369 367 365 363 361 360 358 357 356 354 353 352 351 350 348 349 349 348 348 347 347 345 345 348 349 350 350 350 349 349 349 349 350 350 350 351 351 352 352 353 354 355 356 357 358 359 360 361 362 363
-9999 -9999 -9999 -9999 -9999 -9999 -9999 -9999 -9999 -9999 -9999 434 429 425 428 442 461 464 457 450 440 431 424 417 412 410 408 406 404 400 396 394 391 388 385 381 379 378 376 374 373 371 369 366 364 362 361 359 358 357 355 354 353 352 350 349 348 347 347 347 346 345 345 344 346 349 350 350 350 350 350 350 350 350 350 351 351 352 352 353 354 354 355 355 356 357 358 359 360 361 362 363
-9999 -9999 -9999 -9999 -9999 -9999 -9999 -9999 -9999 -9999 -9999 430 425 420 420 431 454 458 447 437 429 424 422 419 415 412 411 409 407 402 398 395 392 389 385 382 380 378 376 374 372 370 368 366 364 362 360 359 357 356 355 354 353 351 350 349 348 347 346 345 345 344 343 344 347 349 350 350 350 350 350 350 350 350 351 351 352 352 353 354 354 355 356 357 357 358 359 360 361 362 362 363
-9999 -9999 -9999 -9999 -9999 -9999 -9999 -9999 -9999 -9999 -9999 -9999 422 415 411 421 440 445 435 426 422 421 420 419 417 415 413 412 408 402 399 396 392 388 385 382 380 378 376 373 371 369 367 366 364 362 360 359 357 356 355 354 353 352 350 349 348 348 347 347 346 344 343 343 348 350 350 351 351 350 350 350 350 350 351 351 352 353 353 354 355 355 356 357 358 358 359 360 360 361 362 364
-9999 -9999 -9999 -9999 -9999 -9999 -9999 -9999 -9999 -9999 -9999 -9999 419 413 407 411 422 428 423 419 418 416 415 414 414 413 412 410 403 397 395 393 390 387 384 382 380 378 375 373 371 369 367 365 364 362 360 359 357 357 356 355 353 352 351 350 350 349 349 349 348 346 344 342 345 349 350 351 351 351 351 350 350 350 350 351 351 352 353 354 354 355 356 356 357 357 358 358 359 361 362 364
-9999 -9999 -9999 -9999 -9999 -9999 -9999 -9999 -9999 -9999 -9999 -9999 418 412 405 403 407 412 413 412 413 411 405 401 399 397 396 395 394 392 390 388 385 383 381 380 378 376 374 372 370 368 366 364 363 361 360 359 358 358 357 356 354 353 353 352 351 350 350 350 350 349 347 344 343 344 348 351 352 351 351 351 351 351 351 351 351 352 352 353 354 354 355 355 356 356 356 357 358 359 361 363
-9999 -9999 -9999 -9999 -9999 -9999 -9999 -9999 -9999 -9999 -9999 -9999 416 410 404 397 395 396 397 398 398 395 388 382 381 381 383 387 389 388 386 383 380 378 378 377 376 374 373 371 368 366 365 364 362 361 360 360 360 359 358 357 356 355 354 353 352 351 350 349 349 350 349 347 343 336 339 349 352 352 352 351 351 352 352 352 352 352 352 352 353 353 354 354 354 355 355 356 356 358 359 362
-9999 -9999 -9999 -9999 -9999 -9999 -9999 -9999 -9999 -9999 -9999 -9999 415 410 404 398 394 390 388 388 385 381 379 379 378 378 379 382 385 385 382 376 372 370 371 373 373 372 371 369 367 366 364 363 362 361 361 361 361 362 361 360 358 357 355 353 352 351 350 349 349 349 350 350 347 337 333 337 348 351 352 352 352 352 352 352 352 352 352 352 352 353 353 353 353 353 353 354 354 355 357 359
-9999 -9999 -9999 -9999 -9999 -9999 -9999 -9999 -9999 -9999 -9999 -9999 412 410 405 399 394 387 384 381 380 379 379 379 378 377 378 379 382 380 370 374 375 372 366 368 370 370 369 367 366 365 364 363 362 361 362 362 363 364 364 362 359 357 355 353 352 351 350 349 349 350 351 352 350 339 332 332 336 344 350 351 352 352 353 353 353 353 352 352 352 352 352 352 352 351 351 351 352 352 353 354
-9999 -9999 -9999 -9999 -9999 -9999 -9999 -9999 -9999 -9999 -9999 -9999 408 405 402 399 395 384 380 379 379 379 379 379 378 377 376 376 374 375 381 393 392 383 370 365 367 367 367 366 364 364 363 362 361 361 362 363 364 365 364 361 359 357 354 353 351 350 350 350 350 351 351 349 343 335 336 338 333 325 331 337 340 347 349 352 353 353 352 352 351 351 351 351 350 349 349 348 348 348 348 348
-9999 -9999 -9999 -9999 -9999 -9999 -9999 -9999 -9999 -9999 -9999 -9999 -9999 400 397 395 387 381 380 380 379 379 380 380 379 378 376 376 377 383 396 398 395 385 369 364 365 365 365 364 363 362 362 361 361 361 361 362 364 364 362 359 357 355 353 352 351 350 350 350 350 349 343 335 334 343 354 358 349 329 319 320 321 325 331 341 349 351 351 350 350 350 350 349 348 346 345 344 343 343 342 342
-9999 -9999 -9999 -9999 -9999 -9999 -9999 -9999 -9999 -9999 -9999 -9999 -9999 394 389 385 382 383 384 385 383 381 383 382 381 380 379 381 385 394 404 403 399 391 377 364 363 364 364 363 362 361 360 360 359 360 360 360 361 360 359 356 354 353 351 351 350 349 348 348 347 337 333 336 348 360 367 366 363 351 334 323 319 318 319 326 335 342 345 346 347 347 347 346 344 342 340 339 338 338 337 336
-9999 -9999 -9999 -9999 -9999 -9999 -9999 -9999 -9999 -9999 -9999 -9999 -9999 388 384 387 391 392 395 395 396 393 389 388 386 384 383 385 390 403 411 405 399 392 383 371 363 362 362 362 361 361 360 359 358 358 358 358 358 357 355 354 352 350 349 349 348 348 349 351 353 349 346 351 361 369 372 370 365 365 361 351 341 327 318 318 321 330 337 340 342 343 342 342 340 338 336 334 333 333 333 332
-9999 -9999 -9999 -9999 -9999 -9999 -9999 -9999 -9999 -9999 -9999 -9999 -9999 386 395 407 414 410 413 417 416 403 394 395 392 388 387 390 395 408 411 406 398 391 385 377 366 362 361 360 360 360 360 359 358 356 356 356 355 354 353 351 349 348 349 353 359 365 367 367 366 363 360 365 374 377 378 378 377 379 380 378 369 350 329 319 317 319 328 335 339 339 338 338 337 334 330 329 329 329 328 327
-9999 -9999 -9999 -9999 -9999 -9999 -9999 -9999 -9999 -9999 -9999 -9999 -9999 393 409 428 443 447 447 447 431 415 403 401 396 391 390 394 400 408 410 406 398 391 385 378 369 364 362 360 359 359 360 360 358 355 354 353 352 351 351 349 348 351 363 377 391 397 397 393 390 387 378 382 395 399 398 397 398 398 396 392 385 375 355 337 324 318 318 322 331 333 333 332 327 324 322 323 324 325 325 323
-9999 -9999 -9999 -9999 -9999 -9999 -9999 -9999 -9999 -9999 -9999 -9999 -9999 403 420 448 469 481 477 462 438 424 414 407 399 393 393 397 409 412 410 403 396 389 383 375 367 363 363 362 360 358 359 359 357 355 353 352 351 350 349 349 356 371 391 406 419 426 426 422 421 415 403 404 420 425 424 424 422 418 411 402 393 387 377 359 345 334 322 319 321 319 318 317 316 314 313 316 316 319 319 314
-9999 -9999 -9999 -9999 -9999 -9999 -9999 -9999 -9999 -9999 -9999 -9999 -9999 420 434 464 492 501 487 461 442 431 422 413 403 396 395 405 412 412 406 398 391 385 378 370 365 363 362 361 360 357 356 356 354 353 353 354 355 355 356 365 378 398 418 431 438 444 443 440 437 435 426 425 433 435 435 432 430 428 422 411 401 393 385 378 367 356 343 335 331 325 324 324 322 322 318 314 315 308 307 305
-9999 -9999 -9999 -9999 -9999 -9999 -9999 -9999 -9999 -9999 -9999 -9999 -9999 432 446 474 504 513 486 458 445 436 429 419 408 402 401 408 411 407 399 390 383 378 369 364 363 362 360 358 358 357 355 355 355 356 357 358 361 366 377 392 404 423 438 450 456 456 453 448 446 445 441 440 442 442 441 438 434 430 428 421 408 398 391 387 383 378 366 358 360 355 355 355 352 348 342 335 333 330 328 324
-9999 -9999 -9999 -9999 -9999 -9999 -9999 -9999 -9999 -9999 -9999 -9999 -9999 -9999 456 482 511 512 486 464 451 441 433 425 414 406 404 406 405 399 391 381 374 369 363 362 362 360 359 359 358 357 356 358 359 360 362 367 374 385 401 416 430 446 460 467 468 465 461 455 451 448 447 446 446 444 443 441 436 433 429 427 418 407 398 393 389 386 383 381 379 379 375 379 378 373 370 371 365 365 364 362
-9999 -9999 -9999 -9999 -9999 -9999 -9999 -9999 -9999 -9999 -9999 -9999 -9999 -9999 465 491 516 506 484 471 460 448 438 430 420 409 405 403 399 389 381 371 365 363 362 361 360 360 362 365 365 362 362 363 364 369 379 389 400 413 430 446 460 470 475 476 475 472 467 460 455 452 450 449 448 445 443 441 438 434 431 428 424 416 407 400 394 390 388 386 384 382 383 384 381 377 373 376 378 379 381 382
-9999 -9999 -9999 -9999 -9999 -9999 -9999 -9999 -9999 -9999 -9999 -9999 -9999 -9999 474 504 518 505 484 475 466 456 444 435 425 414 405 399 390 379 374 367 364 362 362 363 363 366 375 380 382 379 377 377 384 392 400 412 429 444 458 469 476 480 481 481 480 477 472 465 457 455 453 451 448 445 443 441 438 435 432 429 426 422 414 410 401 394 392 390 388 387 386 386 386 384 381 380 382 383 384 385
-9999 -9999 -9999 -9999 -9999 -9999 -9999 -9999 -9999 -9999 -9999 -9999 -9999 -9999 482 512 518 501 484 476 469 460 451 440 429 416 403 391 380 376 373 371 369 371 373 374 376 382 388 390 391 392 394 398 404 410 419 432 451 466 474 480 484 486 486 486 485 482 476 470 463 458 454 452 449 445 441 439 438 435 433 430 428 426 422 416 411 403 397 395 392 390 389 389 389 390 389 388 388 387 387 387
-9999 -9999 -9999 -9999 -9999 -9999 -9999 -9999 -9999 -9999 -9999 -9999 -9999 -9999 490 516 517 499 482 476 471 464 457 445 433 420 403 388 383 381 379 379 385 393 395 394 392 396 399 399 400 403 405 410 415 421 434 452 467 477 484 487 489 490 491 490 489 486 481 475 469 462 456 453 450 445 441 439 437 435 433 431 429 428 425 420 415 411 406 401 396 393 392 392 392 393 394 395 394 392 391 392
-9999 -9999 -9999 -9999 -9999 -9999 -9999 -9999 -9999 -9999 -9999 -9999 -9999 -9999 498 518 512 495 482 476 471 466 460 450 436 424 403 390 395 397 392 392 399 405 409 408 406 407 408 411 412 417 416 419 424 436 453 466 477 484 490 492 494 495 495 495 493 490 486 481 473 466 460 456 452 447 442 440 438 436 434 432 430 427 425 421 417 414 411 406 400 395 394 394 395 396 397 398 398 396 396 396
-9999 -9999 -9999 -9999 -9999 -9999 -9999 -9999 -9999 -9999 -9999 -9999 -9999 -9999 503 517 508 490 481 475 471 466 461 451 437 425 404 394 400 406 409 410 411 414 417 417 417 418 420 425 429 431 431 434 444 457 467 475 484 490 495 498 501 502 502 500 498 494 490 486 477 469 464 459 455 450 445 442 439 437 435 433 430 427 425 421 419 416 414 410 405 400 397 397 397 399 401 402 403 403 403 403
-9999 -9999 -9999 -9999 -9999 -9999 -9999 -9999 -9999 -9999 -9999 -9999 -9999 -9999 -9999 518 506 487 479 474 470 465 460 452 440 429 412 401 407 412 417 420 422 423 425 426 426 429 431 436 440 441 446 457 468 475 481 486 491 496 502 508 516 517 517 511 504 498 493 489 482 474 468 462 457 452 448 444 441 439 437 434 431 428 425 423 421 420 420 418 412 407 403 402 402 404 405 407 409 410 411 411
-9999 -9999 -9999 -9999 -9999 -9999 -9999 -9999 -9999 -9999 -9999 -9999 -9999 -9999 -9999 518 506 486 479 473 469 464 458 451 441 432 421 409 410 416 423 427 429 431 434 437 437 440 441 446 449 453 461 472 479 487 493 495 498 503 511 519 520 520 518 518 509 502 496 491 487 480 472 466 458 453 450 447 444 441 439 435 432 429 426 424 423 423 425 427 423 415 409 406 406 408 409 410 413 416 418 419
-9999 -9999 -9999 -9999 -9999 -9999 -9999 -9999 -9999 -9999 -9999 -9999 -9999 -9999 -9999 518 506 487 480 474 469 464 458 450 442 435 429 421 415 417 422 426 432 438 442 444 445 448 451 456 464 470 475 482 490 501 508 511 514 517 520 521 521 521 519 518 512 504 498 493 488 483 476 470 462 455 452 448 445 443 440 437 433 429 427 425 424 424 426 427 427 424 418 410 409 411 413 415 418 421 425 427
-9999 -9999 -9999 -9999 -9999 -9999 -9999 -9999 -9999 -9999 -9999 -9999 -9999 -9999 -9999 519 509 488 479 473 468 463 456 449 441 436 431 425 421 423 423 426 434 442 447 449 452 455 462 471 477 480 486 494 504 517 520 522 522 523 523 523 522 521 520 517 510 503 497 492 488 484 478 473 465 458 453 450 446 443 440 437 433 429 426 425 425 425 425 426 427 427 426 419 414 415 416 419 422 425 428 430
-9999 -9999 -9999 -9999 -9999 -9999 -9999 -9999 -9999 -9999 -9999 -9999 -9999 -9999 -9999 520 511 490 478 472 467 462 456 449 442 436 431 427 426 429 430 433 440 447 453 457 461 468 475 481 486 488 498 510 520 525 525 526 526 525 525 524 522 521 519 511 504 500 495 491 487 483 478 472 464 458 453 449 446 443 440 436 432 428 425 424 424 424 425 425 426 426 426 423 419 418 419 421 424 427 430 433
-9999 -9999 -9999 -9999 -9999 -9999 -9999 -9999 -9999 -9999 -9999 -9999 -9999 -9999 -9999 520 513 490 478 472 467 462 457 450 443 436 432 431 432 435 437 441 447 454 466 474 477 481 487 492 497 503 515 528 532 532 531 529 528 526 524 523 522 519 510 502 500 497 493 489 485 481 476 470 457 454 451 448 445 442 440 435 430 426 425 424 423 423 423 424 425 425 425 423 421 420 421 423 425 429 434 436
-9999 -9999 -9999 -9999 -9999 -9999 -9999 -9999 -9999 -9999 -9999 -9999 -9999 -9999 -9999 521 515 489 478 470 466 462 458 449 440 436 434 436 439 440 443 448 455 466 477 484 489 493 501 507 514 526 533 536 535 535 533 530 527 525 523 521 519 511 501 499 498 495 492 488 484 480 474 465 455 453 450 447 444 441 438 433 429 426 424 423 422 422 422 422 423 423 423 422 421 421 422 424 427 432 437 440
-9999 -9999 -9999 -9999 -9999 -9999 -9999 -9999 -9999 -9999 -9999 -9999 -9999 -9999 -9999 520 513 487 477 470 465 462 458 446 438 438 437 439 443 446 450 457 469 477 486 492 499 509 518 525 532 537 539 539 537 535 533 529 525 522 520 518 512 504 499 497 496 495 492 489 486 480 472 464 457 452 449 445 442 439 435 431 427 425 423 422 421 421 421 421 421 421 421 420 420 421 423 426 431 436 440 442
-9999 -9999 -9999 -9999 -9999 -9999 -9999 -9999 -9999 -9999 -9999 -9999 -9999 -9999 -9999 -9999 512 488 477 470 465 461 457 447 441 441 440 442 446 450 455 466 475 482 490 499 510 524 533 537 541 542 542 540 537 534 530 525 522 519 515 511 504 498 494 494 494 494 492 490 488 483 472 463 455 451 448 444 441 437 432 428 425 423 422 420 419 419 419 419 419 419 418 418 417 419 423 428 434 440 442 442
-9999 -9999 -9999 -9999 -9999 -9999 -9999 -9999 -9999 -9999 -9999 -9999 -9999 -9999 -9999 -9999 511 489 475 469 465 461 456 450 446 444 443 445 448 451 457 471 479 485 492 502 517 532 539 544 547 547 544 541 537 533 526 520 514 508 505 502 497 491 489 489 491 491 491 490 489 486 478 468 457 452 448 444 439 434 428 425 423 421 420 419 418 417 417 417 417 417 416 414 412 416 421 427 435 442 443 443
-9999 -9999 -9999 -9999 -9999 -9999 -9999 -9999 -9999 -9999 -9999 -9999 -9999 -9999 -9999 -9999 514 491 475 468 464 460 456 452 448 446 445 446 449 451 457 471 480 487 493 501 518 535 542 547 549 548 546 540 535 530 520 512 502 497 493 490 488 485 482 484 486 487 489 489 488 486 480 473 461 453 448 444 438 431 426 423 422 420 418 417 416 415 415 415 415 414 414 412 410 412 418 426 434 441 442 443
-9999 -9999 -9999 -9999 -9999 -9999 -9999 -9999 -9999 -9999 -9999 -9999 -9999 -9999 -9999 -9999 511 493 473 467 463 459 455 452 449 447 446 447 450 452 457 471 479 486 492 498 510 531 542 548 549 548 543 537 532 526 517 508 498 490 485 483 481 478 474 472 472 473 481 484 486 483 477 471 461 454 448 444 438 430 424 422 420 418 417 415 414 413 412 412 412 412 412 411 408 409 415 423 431 438 442 443
-9999 -9999 -9999 -9999 -9999 -9999 -9999 -9999 -9999 -9999 -9999 -9999 -9999 -9999 -9999 -9999 511 494 472 467 463 459 455 453 450 449 448 448 450 452 457 469 477 484 490 495 503 524 537 544 547 544 538 533 528 522 516 507 496 485 481 478 475 472 467 462 460 460 465 470 473 475 471 461 455 451 447 443 438 429 424 421 419 417 415 413 412 411 410 409 409 409 409 408 406 406 411 418 428 437 441 443
-9999 -9999 -9999 -9999 -9999 -9999 -9999 -9999 -9999 -9999 -9999 -9999 -9999 -9999 -9999 -9999 515 496 472 467 462 458 456 453 451 450 449 449 450 452 455 464 475 482 488 492 499 512 527 535 538 536 531 528 524 518 511 504 492 482 477 474 470 466 460 455 453 453 454 455 458 461 458 455 450 447 444 442 436 428 423 420 418 415 413 411 410 408 407 405 405 405 405 405 403 403 406 413 426 437 443 444
-9999 -9999 -9999 -9999 -9999 -9999 -9999 -9999 -9999 -9999 -9999 -9999 -9999 -9999 -9999 -9999 517 496 472 466 462 458 455 453 452 451 450 450 451 452 454 457 471 479 486 490 495 502 513 525 531 531 528 525 521 514 504 495 486 477 471 468 464 460 455 452 451 450 450 450 450 451 450 448 446 442 440 436 432 426 422 419 416 414 412 410 407 404 402 401 401 401 401 401 400 398 399 407 421 435 443 444
