plugin/gdal/gdalvrt/src/test/resources/it/geosolutions/imageio/plugins/vrt/test-data/095b_dem_90m.asc
ncols         351
nrows         350
xllcorner     969870
yllcorner     642840
cellsize      90
NODATA_value  -9999
[rows 41 to 81 of 350, columns 184 to 275 of 351]
370 368 367 366 364 362 361 359 357 354 351 349 346 343 339 334 331 328 323 321 319 314 307 293 287 284 284 287 299 307 313 318 321 323 326 330 334 335 336 336 336 336 335 335 333 329 325 322 320 318 316 314 312 311 309 308 307 307 306 306 306 306 306 305 305 304 300 295 291 288 285 283 281 278 275 273 270 267 265 263 261 257 254 250 244 238 228 223 220 221 224 223
365 364 363 363 361 360 358 357 355 353 351 349 346 343 339 336 333 329 322 317 314 309 303 294 289 286 285 281 286 301 310 315 318 320 323 326 330 334 336 336 336 336 336 335 334 330 326 323 321 319 316 314 311 310 308 307 306 306 306 306 305 305 305 305 304 301 297 292 289 286 283 281 279 276 273 270 267 264 261 260 257 253 250 247 242 235 228 221 215 213 215 213
361 360 360 359 358 357 356 355 354 352 350 348 346 343 340 338 336 333 326 321 317 311 306 304 299 294 292 284 279 294 308 312 315 318 320 322 325 330 334 336 336 336 335 335 333 329 326 323 320 318 315 313 311 308 306 306 305 305 305 305 305 305 304 304 301 297 293 289 286 283 280 278 276 273 270 267 264 261 257 255 252 248 245 243 237 230 225 217 213 213 213 213
357 357 356 355 354 353 353 352 352 351 349 347 345 343 341 338 337 334 328 322 317 313 310 308 306 305 298 285 277 293 306 309 311 314 317 318 320 324 330 334 335 335 335 334 331 328 324 322 319 317 314 312 310 307 304 304 304 304 303 303 304 304 303 300 296 292 289 286 283 280 277 274 273 270 266 263 261 257 253 249 246 244 240 234 228 224 219 213 213 213 213 213
353 353 353 352 351 350 350 350 350 349 348 346 344 342 340 338 337 334 329 323 319 316 314 311 309 307 303 289 276 289 302 305 308 311 313 315 317 320 324 329 331 333 333 331 328 325 322 320 317 315 313 311 308 306 303 300 300 300 299 299 299 299 297 295 292 288 285 282 280 277 273 270 267 264 262 260 256 252 248 243 240 237 232 226 222 218 213 213 213 213 213 213
350 350 350 349 348 348 348 347 347 347 346 344 343 342 340 338 336 334 330 326 322 319 316 313 311 309 305 294 275 279 291 299 305 308 310 313 315 317 320 324 327 329 328 327 325 322 320 317 315 313 311 309 307 305 302 297 295 294 293 293 292 291 290 290 288 285 282 279 277 273 269 264 260 257 257 255 250 244 242 239 235 231 226 220 216 213 213 213 213 213 213 213
347 347 347 346 346 345 345 345 345 344 343 343 342 341 339 337 336 334 331 327 323 320 318 316 313 310 306 300 279 272 274 279 300 305 308 310 313 315 318 321 323 325 325 324 321 319 317 314 312 310 309 307 305 303 299 294 291 288 289 288 287 286 286 285 284 281 278 276 273 269 265 261 257 253 251 249 245 241 237 234 230 226 220 215 213 213 213 213 213 213 213 213
345 344 344 344 343 343 343 342 342 342 341 341 340 339 338 337 335 334 331 327 325 322 321 319 315 311 308 304 290 277 270 273 289 301 306 308 310 313 315 318 320 321 321 320 319 316 314 312 309 308 306 304 303 300 296 293 289 287 285 285 284 283 283 281 280 278 275 272 269 265 260 257 253 248 245 243 240 236 232 229 226 220 214 213 213 213 213 213 213 213 213 213
342 341 341 341 341 340 340 340 340 340 339 338 338 337 336 335 334 333 330 328 326 323 322 320 317 314 311 307 300 290 275 267 278 293 303 306 308 310 313 315 318 318 318 317 316 313 311 308 306 305 303 302 299 297 294 291 288 285 283 282 281 280 279 278 276 274 271 267 263 260 256 253 248 244 240 237 233 230 227 223 218 214 213 213 213 213 213 213 213 213 213 213
339 339 339 338 338 338 337 338 338 338 337 336 336 335 335 334 333 332 330 328 326 324 323 321 319 317 313 309 305 296 282 267 270 286 299 303 305 308 311 313 315 315 315 314 312 310 308 305 303 301 299 297 295 293 291 288 285 282 280 279 278 277 276 275 273 270 266 263 259 256 252 248 244 239 235 230 227 223 220 215 213 213 213 213 213 213 213 213 213 213 213 213
336 336 336 336 336 335 335 335 336 336 335 335 334 334 333 333 332 331 330 328 326 325 323 322 321 319 315 311 305 298 289 273 261 275 291 298 303 307 310 312 313 313 312 311 310 308 305 302 299 296 294 292 291 289 288 285 282 279 276 275 275 274 272 271 269 266 262 258 255 251 248 244 239 234 229 224 221 217 213 213 213 213 213 213 213 213 213 213 213 213 213 213
334 334 334 334 334 333 333 334 335 335 334 333 333 332 332 331 331 330 329 328 327 325 324 323 321 320 317 312 306 301 293 279 258 264 283 296 304 307 309 310 311 311 310 309 307 305 302 299 294 291 289 288 287 285 282 280 277 275 273 272 273 271 269 267 264 261 257 254 250 247 243 239 234 229 224 219 215 213 213 213 213 213 213 213 213 213 213 213 213 213 213 213
333 333 332 332 331 331 331 331 332 332 332 331 331 330 330 330 330 329 329 328 326 325 324 323 322 321 319 313 307 301 294 281 260 258 273 297 306 307 307 308 309 309 308 307 306 303 299 295 290 287 285 283 281 279 277 275 273 271 268 267 267 266 264 263 260 257 252 248 245 243 239 234 229 224 219 214 213 213 213 213 213 213 213 213 213 213 213 213 213 213 213 213
331 331 330 330 329 328 328 328 329 329 329 329 329 329 328 328 328 328 328 327 326 325 324 323 322 321 319 314 308 301 295 288 268 263 273 297 304 305 306 306 306 307 306 305 303 299 295 290 287 283 281 278 276 274 273 271 269 267 264 261 261 261 260 258 256 251 246 242 241 238 234 229 225 219 214 213 213 213 213 213 213 213 213 213 213 213 213 213 213 213 213 213
330 329 328 327 326 326 325 326 326 326 326 327 327 327 327 327 327 327 327 326 325 325 324 323 322 321 319 314 308 302 296 289 270 259 276 292 302 304 304 304 305 305 304 303 300 295 290 286 282 279 276 274 272 271 269 267 266 263 260 257 256 256 254 252 249 245 241 238 235 232 229 224 219 214 213 213 213 213 213 213 213 213 213 213 213 213 213 213 213 213 213 213
328 327 326 325 324 323 323 323 323 324 324 324 325 325 325 325 325 325 325 325 325 324 323 322 321 320 318 313 307 302 296 287 263 259 271 286 296 300 301 302 303 303 302 300 296 291 287 282 278 275 273 271 269 267 265 263 262 260 257 253 250 248 247 244 243 240 237 234 231 227 222 218 214 213 213 213 213 213 213 213 213 213 213 213 213 213 213 213 213 213 213 213
326 325 324 323 321 320 320 320 321 321 321 322 323 323 323 323 324 324 324 324 324 323 322 322 321 320 317 312 307 302 296 288 268 257 262 282 293 297 298 299 300 300 299 297 293 289 284 279 275 272 269 267 265 263 261 260 258 257 254 250 245 242 241 240 238 236 234 230 227 221 216 213 213 213 213 213 213 213 213 213 213 213 213 213 213 213 213 213 213 213 213 213
325 324 323 321 320 319 319 319 319 319 319 320 321 321 322 322 322 322 323 323 323 322 321 321 320 319 315 311 306 301 296 289 277 260 256 275 289 294 295 296 297 297 296 294 291 288 282 275 271 269 266 264 261 259 258 256 254 252 249 246 243 240 237 235 233 232 230 225 219 214 213 213 213 213 213 213 213 213 213 213 213 213 213 213 213 213 213 213 213 213 213 213
323 322 321 320 319 319 319 318 319 319 319 319 320 320 320 321 321 321 321 322 321 321 320 320 319 317 314 310 305 301 296 292 284 270 254 260 278 290 293 294 295 295 294 292 290 286 279 273 269 266 263 260 258 256 254 251 249 247 245 243 241 238 235 231 228 227 223 216 213 213 213 213 213 213 213 213 213 213 213 213 213 213 213 213 213 213 213 213 213 213 213 213
321 320 320 319 319 318 318 318 318 318 318 318 319 319 319 319 319 319 320 320 320 320 319 318 317 315 312 309 305 302 297 294 290 281 263 251 262 285 291 292 292 293 292 291 288 283 276 271 267 263 259 258 255 252 249 246 244 243 241 239 238 236 233 230 227 219 213 213 213 213 213 213 213 213 213 213 213 213 213 213 213 213 213 213 213 213 213 213 213 213 213 213
320 319 319 318 318 317 317 317 317 318 318 318 318 317 317 317 316 317 317 318 318 318 317 316 315 313 311 308 305 302 298 295 291 287 269 253 254 275 288 291 291 290 290 288 285 279 274 269 264 260 256 254 251 248 245 242 241 239 237 236 234 233 231 228 219 213 213 213 213 213 213 213 213 213 213 213 213 213 213 213 213 213 213 213 213 213 213 213 213 213 213 213
320 319 318 318 317 317 317 317 317 317 317 317 317 316 315 314 313 312 312 313 314 314 314 313 313 312 310 308 305 302 299 295 292 289 275 260 247 261 277 285 287 288 288 285 281 277 272 266 261 257 253 250 247 244 242 240 238 236 234 232 231 230 227 218 213 213 213 213 213 213 213 213 213 213 213 213 213 213 213 213 213 213 213 213 213 213 213 213 213 213 213 217
319 318 317 317 316 316 316 316 316 316 316 316 316 315 313 312 310 308 306 308 309 310 311 311 310 310 308 307 305 303 299 296 292 289 281 262 244 248 254 270 280 283 283 281 278 275 269 262 257 253 249 247 244 242 240 238 235 233 230 227 225 219 214 213 213 213 213 213 213 214 214 214 214 214 213 213 213 213 213 213 213 213 213 213 213 213 213 213 213 214 219 229
318 317 317 316 316 315 315 315 316 316 316 315 315 313 312 311 309 306 303 304 306 307 308 308 308 308 307 306 304 302 298 295 293 290 282 267 246 242 247 252 273 278 279 277 275 270 264 257 252 248 245 243 242 240 238 236 233 230 225 219 214 213 213 213 213 213 213 214 214 214 214 214 214 214 214 213 213 213 213 213 213 213 213 213 213 213 213 213 214 221 229 252
317 316 316 315 315 315 315 315 315 316 315 315 313 311 310 309 308 306 304 303 303 304 306 305 306 305 305 305 303 299 297 295 292 291 291 284 264 247 243 244 266 275 275 274 270 265 258 252 246 243 242 241 239 237 236 233 230 225 219 213 213 213 213 213 213 213 214 214 214 214 214 214 214 214 214 213 213 213 213 213 213 213 213 213 213 213 213 213 219 229 248 279
316 315 315 314 314 314 314 315 315 315 315 314 312 309 306 306 306 306 304 303 303 301 295 295 297 301 302 300 297 296 295 294 292 291 292 291 283 269 248 239 256 269 270 268 264 258 252 246 242 241 240 238 236 235 233 231 226 218 213 213 213 213 213 213 213 213 214 214 214 214 214 214 214 214 214 213 213 213 213 213 213 213 213 213 213 213 213 215 226 247 266 287
314 314 313 313 313 314 314 315 315 316 315 314 311 307 303 303 303 303 304 303 305 304 300 290 283 283 284 285 286 289 291 291 290 291 290 291 290 281 261 239 242 257 261 261 258 251 246 242 240 239 237 236 234 232 231 229 222 213 213 213 213 213 213 213 213 213 214 214 214 214 214 214 214 214 214 213 213 213 213 213 213 213 213 213 213 213 213 220 238 263 281 293
313 313 313 313 313 313 314 315 316 316 316 314 312 308 305 304 302 299 298 299 300 303 303 296 284 278 274 272 271 273 274 275 279 282 281 286 290 288 271 243 235 245 252 253 249 243 240 239 238 237 235 234 232 231 228 223 213 213 213 213 213 213 213 213 213 213 214 214 214 214 214 214 214 214 214 213 213 213 213 213 213 213 213 213 213 213 217 230 256 282 302 309
312 312 312 312 313 313 314 315 316 317 316 315 313 311 308 306 305 305 304 302 300 292 290 288 286 288 288 281 278 276 271 267 263 262 259 267 282 281 269 242 230 241 246 246 243 239 237 236 236 235 233 232 231 230 224 213 213 213 213 213 213 213 213 213 213 213 214 214 214 214 214 214 214 214 214 213 213 213 213 213 213 213 213 213 213 213 229 250 278 308 331 336
311 311 312 312 313 314 315 316 317 317 317 316 315 313 311 310 308 308 307 307 307 306 305 303 300 297 295 292 290 286 285 282 277 272 263 252 262 269 262 240 227 228 236 239 236 234 233 233 233 233 232 231 229 225 215 213 213 213 213 213 213 213 213 213 213 213 213 214 214 214 214 214 213 213 213 213 213 213 213 213 213 213 213 213 213 227 250 275 304 336 345 348
310 311 312 313 314 315 316 317 317 318 318 318 317 315 314 313 312 311 310 309 308 308 308 307 305 302 299 296 294 292 291 290 286 279 274 261 245 257 255 244 229 226 229 229 228 229 229 230 231 231 230 229 225 217 213 213 213 213 213 213 213 213 213 213 213 213 213 214 214 214 214 213 213 213 213 213 213 213 213 213 213 213 213 213 227 250 276 304 332 349 346 347
310 311 312 313 315 316 317 318 318 319 319 319 318 317 316 316 315 314 313 312 311 310 309 307 306 304 301 299 296 294 292 290 286 280 275 260 244 244 245 239 227 224 225 223 219 218 221 225 229 229 228 225 218 213 213 213 213 213 213 213 213 213 213 213 213 213 213 214 214 214 213 213 213 213 213 213 213 213 213 213 213 213 213 228 249 274 301 332 343 349 350 351
310 311 313 314 316 317 318 319 319 319 319 319 319 319 319 318 317 317 315 314 313 311 310 308 306 304 303 299 296 293 290 287 280 275 269 258 243 240 236 235 232 228 224 224 227 227 218 216 221 223 220 217 213 213 213 213 213 213 213 213 213 213 213 213 213 213 213 214 214 213 213 213 213 213 213 213 213 213 213 213 213 213 226 248 266 289 319 346 348 350 352 352
311 312 313 315 317 319 319 320 320 320 320 320 320 320 320 320 320 319 318 316 314 312 310 308 306 305 302 298 293 290 285 279 274 270 264 258 249 244 244 245 243 241 237 234 232 231 227 216 213 213 213 213 213 213 213 213 213 213 213 213 213 213 213 213 213 214 214 214 214 213 213 213 213 213 213 213 213 213 213 213 213 215 235 258 277 306 338 351 353 353 354 354
311 312 314 316 318 320 320 320 320 320 320 320 320 320 320 320 320 320 319 317 315 312 310 308 306 304 301 296 291 285 277 272 268 264 260 256 252 249 248 248 247 245 244 240 236 232 229 221 213 213 213 213 213 213 213 213 213 213 213 213 213 213 213 213 214 214 214 214 214 213 213 213 213 213 213 213 213 213 213 213 213 214 237 265 296 328 349 354 354 355 356 356
311 313 314 316 319 320 320 320 320 320 320 320 320 320 320 320 320 320 320 317 314 312 310 307 305 303 298 293 288 280 273 268 263 259 257 255 253 252 250 248 246 245 243 240 236 232 228 220 213 213 213 213 213 213 213 213 213 213 213 213 213 213 214 214 214 214 214 214 214 213 213 213 213 213 213 213 213 213 213 213 213 222 250 287 323 347 353 355 355 356 357 357
311 313 314 316 319 320 320 320 320 320 320 320 320 320 320 320 320 320 318 316 313 311 309 307 304 300 294 288 282 274 269 265 261 257 255 254 252 250 248 246 245 243 240 237 233 228 219 213 213 213 213 213 213 213 213 213 213 213 213 213 213 214 214 214 214 214 214 214 213 213 213 213 213 213 213 213 213 213 213 213 217 239 274 312 342 351 353 355 356 357 358 359
311 312 314 316 318 320 320 320 320 320 320 320 320 320 320 319 319 318 316 314 312 310 308 306 302 296 290 284 276 270 265 261 258 256 254 252 250 248 246 245 243 240 235 231 225 214 213 213 213 213 213 213 213 213 213 213 213 213 213 213 214 214 214 214 214 214 214 214 213 213 213 213 213 213 213 213 213 213 213 216 235 265 303 337 350 352 354 355 357 358 359 361
310 312 314 315 317 319 320 320 320 320 320 320 320 319 318 317 316 315 314 312 310 308 306 303 297 290 285 278 272 266 261 258 256 254 253 251 249 247 245 241 238 233 227 219 213 213 213 213 213 213 213 213 213 213 213 213 213 213 213 214 214 214 214 214 214 214 214 214 213 213 213 213 213 213 213 213 213 213 216 234 260 295 332 349 352 353 354 355 357 359 361 362
309 311 313 314 316 318 319 320 320 319 319 318 317 316 315 313 313 312 311 310 308 307 303 296 289 285 280 274 268 262 258 256 254 253 251 250 248 246 243 237 230 223 213 213 213 213 213 213 213 213 213 213 213 213 213 213 213 213 214 214 214 214 214 214 214 214 214 214 213 213 213 213 213 213 213 213 213 218 227 251 282 311 335 349 351 353 354 355 357 360 363 364
309 310 312 313 315 316 317 318 318 317 316 315 314 313 311 310 309 308 308 307 306 303 295 288 284 280 275 270 264 259 256 254 253 251 250 248 246 244 239 232 223 213 213 213 213 213 213 213 213 213 213 213 213 213 213 213 213 214 214 214 214 214 214 214 214 214 214 214 213 213 213 213 213 213 213 213 215 226 242 265 286 303 319 334 345 351 353 354 357 361 364 366
