plugin/gdal/gdalvrt/src/test/resources/it/geosolutions/imageio/plugins/vrt/test-data/095b_dem_90m.asc
ncols         351
nrows         350
xllcorner     969870
yllcorner     642840
cellsize      90
NODATA_value  -9999
[rows 82 to 122 of 350, columns 0 to 91 of 351]
-9999 -9999 -9999 -9999 -9999 456 455 455 454 453 452 451 451 450 450 451 451 452 453 454 454 455 456 460 466 472 477 484 498 503 496 486 478 469 460 450 439 429 421 414 410 406 400 394 392 389 387 385 383 382 381 381 381 380 380 380 379 379 380 381 384 386 389 394 405 419 426 426 427 427 428 428 428 428 427 427 426 426 425 424 422 419 416 413 411 411 410 408 405 402 399 396
-9999 -9999 -9999 -9999 -9999 -9999 456 455 455 454 453 452 451 451 451 451 451 452 453 453 454 455 456 458 464 469 473 482 494 500 490 481 472 465 457 447 436 425 416 409 406 403 398 394 391 388 386 384 382 381 380 379 379 379 378 378 378 378 378 379 380 382 384 389 398 413 423 426 426 426 427 427 427 427 427 426 426 425 423 421 419 417 415 411 410 409 408 406 404 402 399 396
-9999 -9999 -9999 -9999 -9999 -9999 457 456 456 455 454 453 452 452 451 451 452 452 453 454 454 455 455 458 462 467 470 477 486 487 482 476 468 461 453 441 427 419 411 406 403 400 396 393 390 387 385 383 381 380 379 378 378 377 377 377 376 376 377 378 378 379 381 384 390 402 414 421 425 425 423 423 425 425 425 424 423 421 420 418 416 414 413 411 410 408 407 405 403 402 399 397
-9999 -9999 -9999 -9999 -9999 -9999 457 457 457 456 455 454 453 452 452 452 452 452 453 454 454 455 456 458 463 467 469 472 482 483 478 471 463 454 444 435 425 414 408 403 399 396 394 391 388 386 383 381 380 379 378 377 377 376 376 375 375 375 375 376 376 377 378 380 383 393 404 411 414 414 414 414 415 416 415 416 417 417 417 415 413 411 411 410 410 409 408 406 404 402 400 398
-9999 -9999 -9999 -9999 -9999 -9999 457 457 457 457 456 454 453 453 452 452 453 453 453 453 454 455 455 460 468 472 477 482 486 484 475 466 457 449 440 430 420 410 405 400 396 393 391 388 385 383 382 380 379 378 377 376 375 375 374 374 373 374 374 374 375 376 376 377 378 384 395 402 404 404 402 400 401 403 405 408 411 413 414 413 410 409 409 410 410 410 409 408 406 404 402 400
-9999 -9999 -9999 -9999 -9999 -9999 457 457 457 457 456 455 454 453 453 453 453 453 454 454 454 455 459 471 476 485 488 489 489 486 472 462 453 444 433 422 411 406 402 398 394 391 388 386 383 381 380 379 378 377 376 375 374 373 373 372 372 372 372 372 373 374 375 376 377 378 384 392 395 396 393 390 390 392 394 399 405 410 410 410 408 407 409 410 411 411 411 410 408 406 404 402
-9999 -9999 -9999 -9999 -9999 -9999 457 457 457 457 456 455 454 454 453 453 454 454 454 455 455 461 473 483 488 489 489 489 489 482 468 459 448 438 427 415 407 402 398 395 392 389 386 383 381 379 378 377 376 375 375 374 373 372 372 371 370 370 370 370 371 372 373 374 375 376 379 381 386 387 385 383 383 385 388 393 398 403 405 405 405 408 410 411 412 413 412 411 410 408 406 404
-9999 -9999 -9999 -9999 -9999 -9999 457 457 456 456 455 455 454 454 454 454 454 454 455 455 457 467 481 487 490 491 490 490 488 477 464 456 444 433 423 410 404 399 395 392 390 387 384 381 379 378 377 376 375 374 373 373 372 371 370 369 369 369 368 368 369 370 371 372 373 375 376 378 380 381 380 379 379 380 382 387 394 398 401 401 404 409 412 413 414 415 414 413 411 409 408 406
-9999 -9999 -9999 -9999 -9999 -9999 -9999 456 455 455 455 455 455 454 454 454 455 455 455 455 459 468 482 488 491 493 492 490 486 472 458 448 438 429 415 406 400 397 394 391 388 385 382 380 378 377 376 375 373 372 371 371 370 370 369 368 367 367 366 366 367 367 368 370 371 372 374 375 376 377 377 377 377 378 379 382 389 395 397 400 404 409 412 414 416 417 417 415 414 411 410 409
-9999 -9999 -9999 -9999 -9999 -9999 -9999 454 454 455 455 455 455 455 455 455 455 455 456 459 466 473 482 488 493 495 493 490 486 470 455 441 433 422 410 402 396 394 392 389 386 383 381 379 377 376 374 373 372 371 370 369 369 368 368 367 366 365 365 364 365 365 366 367 368 370 371 372 373 374 374 375 375 377 378 380 385 391 394 398 402 408 412 414 416 418 419 418 417 415 413 411
-9999 -9999 -9999 -9999 -9999 -9999 -9999 452 453 454 455 455 456 455 455 455 455 457 460 466 473 477 482 487 497 498 494 490 481 466 452 440 429 418 408 400 395 392 390 388 385 382 380 378 376 375 373 372 370 369 368 368 367 367 366 365 365 364 364 364 364 364 365 364 366 366 367 369 370 371 372 372 374 375 377 379 383 387 391 394 398 404 410 413 415 418 421 421 420 418 416 414
-9999 -9999 -9999 -9999 -9999 -9999 -9999 450 452 454 455 456 456 456 456 456 456 459 464 470 474 479 483 489 502 499 494 489 477 464 451 438 426 414 406 400 396 391 388 386 384 381 379 377 375 373 372 370 369 368 367 366 366 365 365 365 364 364 364 364 364 364 364 364 364 364 365 366 367 368 369 370 372 374 376 378 381 384 387 391 394 398 404 410 413 416 420 424 424 422 419 417
-9999 -9999 -9999 -9999 -9999 -9999 -9999 449 451 453 455 457 457 457 456 456 458 461 466 471 476 482 486 493 500 497 492 486 475 461 448 435 423 411 404 398 394 390 387 384 382 380 378 376 374 372 370 369 367 366 365 365 365 364 364 364 364 363 363 363 363 363 363 363 363 364 364 364 365 366 367 368 370 372 374 376 379 381 385 388 391 394 397 403 409 412 416 422 426 424 421 418
-9999 -9999 -9999 -9999 -9999 -9999 -9999 446 449 452 455 457 457 457 457 457 459 463 469 473 478 484 488 493 496 494 489 481 468 454 443 430 418 409 401 395 392 388 385 382 380 378 376 374 372 371 369 367 366 365 364 364 364 364 364 363 363 363 363 363 363 363 363 363 363 363 363 364 364 364 365 366 368 370 372 375 377 380 382 386 388 391 393 397 402 407 411 415 421 423 420 419
-9999 -9999 -9999 -9999 -9999 -9999 -9999 444 446 450 455 458 458 458 457 458 460 464 470 474 479 485 488 491 493 491 488 477 459 447 436 424 411 405 399 394 390 387 383 380 379 377 375 373 371 369 367 366 365 364 364 364 363 363 363 363 363 362 362 362 362 362 362 362 362 363 363 363 363 364 364 364 366 368 371 373 376 378 381 383 386 388 391 394 397 402 406 409 414 417 418 418
-9999 -9999 -9999 -9999 -9999 -9999 -9999 -9999 443 445 449 453 454 454 456 457 459 462 468 473 478 482 487 489 490 489 487 472 451 438 427 419 411 403 397 393 389 385 382 380 377 375 373 371 369 368 366 365 364 364 363 363 363 363 363 362 362 362 362 362 362 362 362 362 362 362 362 363 363 363 364 364 365 367 369 371 374 376 379 381 383 386 389 391 394 398 402 406 410 413 415 417
-9999 -9999 -9999 -9999 -9999 -9999 -9999 -9999 439 441 442 443 445 447 450 454 456 459 464 471 475 477 481 487 488 487 484 464 442 429 421 414 407 399 396 391 387 383 380 378 376 374 372 370 368 366 365 364 364 363 363 363 362 362 362 362 362 361 361 361 361 361 361 361 361 362 362 362 363 363 363 364 364 365 367 369 372 375 377 380 382 384 386 389 392 395 399 403 407 410 413 416
-9999 -9999 -9999 -9999 -9999 -9999 -9999 -9999 437 438 438 439 440 441 444 448 452 454 458 465 468 469 470 476 478 477 473 455 436 424 417 410 400 394 391 388 384 381 379 377 375 372 370 368 366 365 364 364 363 363 363 362 362 362 362 361 361 361 361 361 361 361 361 361 361 361 361 362 362 362 363 363 364 364 365 368 370 373 375 378 380 382 384 388 391 394 396 400 404 407 410 413
-9999 -9999 -9999 -9999 -9999 -9999 -9999 -9999 434 436 437 437 438 439 440 443 447 450 454 458 457 456 456 458 463 461 459 447 432 422 412 402 395 392 388 384 381 379 377 376 373 371 369 367 365 364 364 363 363 363 362 362 361 361 361 361 361 360 360 360 360 360 360 360 360 361 361 361 362 362 362 363 363 364 364 366 368 371 373 376 378 380 383 386 389 392 395 397 401 404 407 410
-9999 -9999 -9999 -9999 -9999 -9999 -9999 -9999 433 434 435 436 437 438 439 440 443 447 449 449 444 441 441 441 445 443 445 441 429 420 411 397 392 390 387 383 380 378 376 375 373 371 369 367 364 364 364 363 363 362 362 361 361 361 361 360 360 360 360 360 359 360 360 360 360 360 360 361 361 362 362 362 363 363 364 365 366 369 371 374 377 380 382 385 388 390 393 395 397 400 403 406
-9999 -9999 -9999 -9999 -9999 -9999 -9999 -9999 433 433 434 435 436 437 438 439 440 443 444 442 438 435 434 434 435 435 435 433 427 419 410 396 391 388 385 382 380 377 376 374 372 371 369 368 366 365 364 363 363 362 362 361 361 360 360 360 360 359 359 359 359 359 359 359 359 360 360 360 361 361 362 362 362 363 363 364 365 367 370 372 375 378 381 383 386 388 391 393 395 397 399 402
-9999 -9999 -9999 -9999 -9999 -9999 -9999 -9999 435 435 435 434 436 437 438 439 440 441 441 441 436 431 428 428 428 428 428 427 421 415 406 394 389 386 383 380 379 377 376 375 373 372 371 369 367 366 364 363 363 362 361 361 360 360 359 359 359 359 359 359 358 359 359 359 359 359 360 360 360 361 361 362 362 362 363 363 364 365 368 371 374 377 380 382 384 387 389 391 393 394 396 398
-9999 -9999 -9999 -9999 -9999 -9999 -9999 -9999 438 437 436 435 435 436 437 438 439 439 438 436 429 427 422 420 419 416 415 415 413 407 397 392 388 385 381 380 379 378 377 377 375 374 373 371 368 366 364 363 363 362 361 361 360 359 359 359 359 358 358 358 358 358 358 358 359 359 359 359 360 360 361 361 361 362 362 363 364 365 367 370 373 375 378 381 383 385 387 389 390 392 394 395
-9999 -9999 -9999 -9999 -9999 -9999 -9999 -9999 -9999 440 438 437 436 437 438 440 439 438 436 430 425 422 418 413 410 408 406 405 403 399 394 391 389 386 382 381 381 380 380 379 378 376 374 371 368 366 364 363 363 362 361 361 360 359 359 358 358 358 358 357 357 357 358 358 358 358 359 359 359 360 360 361 361 361 362 362 363 364 366 368 371 373 376 378 381 383 385 387 388 390 392 393
-9999 -9999 -9999 -9999 -9999 -9999 -9999 -9999 -9999 442 440 438 437 437 441 454 453 445 443 436 429 425 426 422 416 410 408 404 400 395 394 393 390 388 386 384 383 382 382 380 379 377 375 371 369 366 364 363 363 362 361 360 360 359 358 358 358 357 357 357 357 357 357 357 358 358 358 358 359 359 360 360 360 361 361 362 362 363 364 366 369 371 374 376 379 381 383 385 386 388 390 391
-9999 -9999 -9999 -9999 -9999 -9999 -9999 -9999 -9999 448 443 440 438 437 440 456 460 460 457 446 439 441 449 442 434 426 416 411 406 400 398 396 393 390 388 387 385 384 383 382 381 379 375 372 369 366 364 363 362 362 361 360 360 359 358 358 357 357 357 356 356 356 357 357 357 357 358 358 358 359 359 359 360 360 361 361 362 362 363 365 367 369 371 373 375 378 381 383 385 386 388 389
-9999 -9999 -9999 -9999 -9999 -9999 -9999 -9999 -9999 455 451 446 440 438 440 455 464 467 465 460 458 462 463 459 453 440 428 418 411 405 401 398 395 392 390 388 387 385 384 382 381 379 375 372 369 366 364 363 362 362 361 360 360 359 358 358 357 357 356 356 356 356 356 356 356 357 357 357 358 358 358 359 359 359 360 360 361 361 362 363 365 367 368 369 370 373 377 380 383 385 386 387
-9999 -9999 -9999 -9999 -9999 -9999 -9999 -9999 -9999 461 458 452 443 440 444 457 467 473 472 471 475 474 469 463 458 445 429 418 411 406 402 398 396 393 391 389 387 385 384 382 381 378 375 372 369 366 364 363 362 361 361 360 359 359 358 357 357 356 356 356 355 355 356 356 356 356 357 357 357 357 358 358 358 358 359 360 360 360 360 360 362 363 364 364 365 366 370 375 380 383 384 386
-9999 -9999 -9999 -9999 -9999 -9999 -9999 -9999 -9999 465 461 458 454 451 456 465 474 480 481 483 482 475 468 462 455 440 426 417 410 405 400 397 395 392 390 388 386 385 383 381 380 377 374 371 369 366 364 363 362 361 360 360 359 359 358 357 356 356 355 355 355 355 355 355 355 356 356 356 356 357 357 357 357 358 358 359 359 358 358 357 357 358 358 359 360 362 364 369 375 380 382 384
-9999 -9999 -9999 -9999 -9999 -9999 -9999 -9999 -9999 467 464 461 460 461 464 470 480 488 490 490 486 478 470 463 449 435 426 418 410 403 397 394 393 390 388 386 385 383 382 381 378 375 373 370 368 365 364 363 362 361 360 360 359 358 358 357 356 356 355 355 354 354 354 355 355 355 355 355 356 356 356 356 356 357 357 357 357 357 356 355 355 356 357 358 357 358 361 365 370 376 380 382
-9999 -9999 -9999 -9999 -9999 -9999 -9999 -9999 -9999 -9999 466 463 463 464 467 475 486 497 498 494 489 482 474 464 448 434 426 417 408 401 395 393 391 389 386 384 383 382 381 379 376 373 371 369 367 365 363 362 362 361 360 359 359 358 357 357 356 355 355 354 354 354 354 354 354 354 355 355 355 355 355 355 355 356 356 356 356 355 354 354 356 360 364 364 361 360 359 361 364 369 374 378
-9999 -9999 -9999 -9999 -9999 -9999 -9999 -9999 -9999 -9999 466 465 464 465 468 473 489 503 502 496 491 484 474 462 443 432 424 417 410 402 396 394 392 388 385 382 381 380 379 376 373 371 368 366 365 364 363 362 361 360 360 359 358 358 357 356 356 355 354 354 354 353 353 353 354 354 354 354 354 354 354 354 355 355 355 355 355 354 353 354 358 362 365 365 364 363 361 359 360 362 368 373
-9999 -9999 -9999 -9999 -9999 -9999 -9999 -9999 -9999 -9999 466 465 465 466 468 477 494 503 501 497 491 483 472 461 444 431 424 418 412 406 400 397 393 389 384 380 379 378 376 374 372 369 366 365 364 363 362 361 361 360 359 358 358 357 357 356 356 355 354 354 353 353 353 353 353 353 353 353 353 354 354 353 354 354 354 354 354 353 352 354 357 360 363 365 365 365 364 363 362 361 363 368
-9999 -9999 -9999 -9999 -9999 -9999 -9999 -9999 -9999 -9999 465 464 464 466 468 477 494 503 501 497 491 486 472 461 446 433 425 419 413 408 402 397 394 389 385 382 380 378 376 374 372 370 366 364 363 363 362 361 360 359 359 358 357 357 356 356 355 355 354 353 353 352 352 352 352 352 352 352 353 353 353 353 353 353 353 353 353 352 352 353 356 358 361 364 365 365 365 365 365 363 361 363
-9999 -9999 -9999 -9999 -9999 -9999 -9999 -9999 -9999 -9999 464 463 463 465 469 481 496 503 502 497 491 486 471 456 441 432 426 419 414 408 398 395 392 389 386 384 382 380 379 377 375 372 368 365 364 362 361 360 360 359 358 357 357 356 356 355 355 354 354 353 353 352 352 352 352 352 352 352 352 352 352 352 352 352 352 352 352 351 351 352 354 357 359 362 364 365 365 365 365 365 364 362
-9999 -9999 -9999 -9999 -9999 -9999 -9999 -9999 -9999 -9999 462 461 460 462 469 480 496 503 501 496 490 479 463 447 437 431 425 418 412 405 398 394 392 389 387 385 384 382 381 380 378 375 370 366 364 362 361 360 359 358 357 357 356 355 355 355 354 354 353 353 352 352 351 351 351 351 351 351 351 351 351 351 351 351 351 350 350 350 350 351 352 355 358 361 363 365 365 365 365 365 365 364
-9999 -9999 -9999 -9999 -9999 -9999 -9999 -9999 -9999 -9999 461 459 457 458 465 477 492 501 498 493 486 472 457 441 434 429 424 415 406 398 395 393 391 390 388 386 385 384 383 382 381 378 372 367 364 363 361 360 359 358 357 356 355 355 354 354 354 353 353 352 352 351 351 350 350 350 350 350 350 350 350 350 350 350 350 349 350 349 349 349 350 353 356 359 362 363 364 365 365 365 365 365
-9999 -9999 -9999 -9999 -9999 -9999 -9999 -9999 -9999 -9999 460 458 454 454 461 475 487 494 495 491 483 471 457 441 432 426 421 413 404 396 394 393 391 390 388 387 385 384 383 382 381 378 373 368 365 363 361 360 359 358 357 356 355 354 353 353 353 353 353 352 351 351 350 350 349 349 350 349 349 350 350 349 349 349 349 349 349 349 349 349 350 352 355 358 360 362 363 364 364 364 364 365
-9999 -9999 -9999 -9999 -9999 -9999 -9999 -9999 -9999 -9999 -9999 456 450 449 457 471 484 491 492 489 483 471 459 441 430 423 418 413 405 395 393 392 391 389 388 386 385 383 382 381 380 377 373 368 365 363 361 360 359 358 356 355 354 353 353 352 352 352 352 352 351 351 350 349 349 349 349 349 349 349 349 349 349 349 349 349 349 349 349 349 350 352 354 357 359 360 362 362 363 363 363 364
-9999 -9999 -9999 -9999 -9999 -9999 -9999 -9999 -9999 -9999 -9999 452 444 443 453 466 481 490 490 488 480 468 456 437 425 418 412 410 403 394 393 392 390 388 387 385 384 382 381 380 378 375 372 369 365 363 362 360 359 357 356 355 354 353 352 351 351 351 351 351 351 350 349 349 349 348 347 347 347 347 348 348 348 348 349 349 349 349 349 350 350 352 354 356 358 359 360 361 362 362 363 363
-9999 -9999 -9999 -9999 -9999 -9999 -9999 -9999 -9999 -9999 -9999 448 441 438 447 463 477 488 488 483 474 463 449 428 418 411 408 406 401 396 393 392 390 388 386 384 382 381 380 378 376 374 371 368 365 363 362 360 359 357 356 355 354 352 351 350 350 350 351 350 350 349 349 348 348 345 345 346 347 347 347 348 348 348 349 349 349 349 350 350 351 352 354 355 357 358 359 360 361 361 362 363
