plugin/gdal/gdalvrt/src/test/resources/it/geosolutions/imageio/plugins/vrt/test-data/095b_dem_90m.asc
ncols         351
nrows         350
xllcorner     969870
yllcorner     642840
cellsize      90
NODATA_value  -9999
[rows 287 to 327 of 350, columns 0 to 91 of 351]
-9999 -9999 -9999 -9999 -9999 -9999 -9999 -9999 -9999 -9999 -9999 -9999 -9999 -9999 -9999 -9999 -9999 -9999 -9999 -9999 -9999 -9999 -9999 -9999 -9999 -9999 -9999 -9999 -9999 -9999 -9999 -9999 -9999 407 401 396 394 394 393 393 392 392 392 391 391 390 389 387 385 383 382 381 381 381 381 381 381 381 379 377 375 374 373 372 372 371 369 368 365 363 358 353 349 346 341 337 333 330 327 324 321 317 314 310 307 304 298 290 288 286 282 278
-9999 -9999 -9999 -9999 -9999 -9999 -9999 -9999 -9999 -9999 -9999 -9999 -9999 -9999 -9999 -9999 -9999 -9999 -9999 -9999 -9999 -9999 -9999 -9999 -9999 -9999 -9999 -9999 -9999 -9999 -9999 -9999 -9999 405 400 395 394 393 392 391 391 390 389 388 387 384 382 382 381 380 379 379 378 378 378 378 377 377 376 374 373 371 370 370 369 368 367 367 365 363 357 351 347 343 339 335 333 329 326 323 320 317 313 310 307 303 299 294 292 289 287 283
-9999 -9999 -9999 -9999 -9999 -9999 -9999 -9999 -9999 -9999 -9999 -9999 -9999 -9999 -9999 -9999 -9999 -9999 -9999 -9999 -9999 -9999 -9999 -9999 -9999 -9999 -9999 -9999 -9999 -9999 -9999 -9999 -9999 404 399 395 394 393 392 391 390 388 387 386 384 381 380 379 379 378 378 377 377 376 376 375 375 374 373 372 370 368 367 367 367 366 365 365 363 359 355 350 346 341 336 333 331 328 325 322 319 317 314 310 307 303 301 298 295 293 290 288
-9999 -9999 -9999 -9999 -9999 -9999 -9999 -9999 -9999 -9999 -9999 -9999 -9999 -9999 -9999 -9999 -9999 -9999 -9999 -9999 -9999 -9999 -9999 -9999 -9999 -9999 -9999 -9999 -9999 -9999 -9999 -9999 -9999 -9999 400 397 394 393 392 391 389 388 387 385 384 382 380 379 379 378 377 376 376 375 374 373 373 372 371 370 368 365 364 365 365 365 363 360 358 356 353 349 345 339 335 332 330 327 324 322 319 317 314 312 309 306 304 301 298 296 294 291
-9999 -9999 -9999 -9999 -9999 -9999 -9999 -9999 -9999 -9999 -9999 -9999 -9999 -9999 -9999 -9999 -9999 -9999 -9999 -9999 -9999 -9999 -9999 -9999 -9999 -9999 -9999 -9999 -9999 -9999 -9999 -9999 -9999 -9999 400 397 395 394 392 391 390 389 388 386 385 383 381 380 379 378 377 377 376 375 374 373 372 371 370 369 367 366 364 362 362 361 358 357 355 354 352 350 346 337 333 331 328 326 323 321 319 318 316 314 311 309 307 304 302 299 296 294
-9999 -9999 -9999 -9999 -9999 -9999 -9999 -9999 -9999 -9999 -9999 -9999 -9999 -9999 -9999 -9999 -9999 -9999 -9999 -9999 -9999 -9999 -9999 -9999 -9999 -9999 -9999 -9999 -9999 -9999 -9999 -9999 -9999 -9999 401 397 395 394 393 393 392 391 390 388 387 385 384 382 381 379 379 378 377 376 375 374 373 372 371 370 369 368 366 365 364 364 364 362 359 356 354 351 349 340 333 330 328 326 323 320 319 319 318 317 314 312 309 306 304 301 298 296
-9999 -9999 -9999 -9999 -9999 -9999 -9999 -9999 -9999 -9999 -9999 -9999 -9999 -9999 -9999 -9999 -9999 -9999 -9999 -9999 -9999 -9999 -9999 -9999 -9999 -9999 -9999 -9999 -9999 -9999 -9999 -9999 -9999 -9999 402 399 397 395 395 394 393 393 392 391 390 389 387 386 384 381 381 380 379 379 378 376 375 374 373 372 371 370 369 368 367 367 367 365 362 357 353 351 347 337 333 331 330 328 326 322 321 321 320 320 317 314 311 309 306 303 300 299
-9999 -9999 -9999 -9999 -9999 -9999 -9999 -9999 -9999 -9999 -9999 -9999 -9999 -9999 -9999 -9999 -9999 -9999 -9999 -9999 -9999 -9999 -9999 -9999 -9999 -9999 -9999 -9999 -9999 -9999 -9999 -9999 -9999 -9999 403 401 399 397 396 396 395 394 394 393 393 392 391 390 388 386 384 383 382 381 380 379 378 377 376 375 374 373 372 370 370 369 368 366 362 355 350 346 340 334 334 333 333 333 331 328 326 325 323 321 318 316 314 312 310 306 303 302
-9999 -9999 -9999 -9999 -9999 -9999 -9999 -9999 -9999 -9999 -9999 -9999 -9999 -9999 -9999 -9999 -9999 -9999 -9999 -9999 -9999 -9999 -9999 -9999 -9999 -9999 -9999 -9999 -9999 -9999 -9999 -9999 -9999 -9999 404 402 401 399 398 397 397 396 396 395 395 395 395 394 393 391 389 387 385 384 382 381 381 381 380 379 378 376 374 372 372 370 367 365 360 361 363 356 351 344 339 337 339 338 336 334 331 328 325 322 320 319 317 316 315 312 308 306
-9999 -9999 -9999 -9999 -9999 -9999 -9999 -9999 -9999 -9999 -9999 -9999 -9999 -9999 -9999 -9999 -9999 -9999 -9999 -9999 -9999 -9999 -9999 -9999 -9999 -9999 -9999 -9999 -9999 -9999 -9999 -9999 -9999 -9999 406 404 402 401 400 399 398 398 398 397 397 397 397 397 396 395 393 390 389 388 386 385 384 384 383 382 381 380 377 375 374 369 365 364 364 366 365 362 363 354 352 351 348 344 341 337 333 329 327 325 323 322 321 321 320 318 314 309
-9999 -9999 -9999 -9999 -9999 -9999 -9999 -9999 -9999 -9999 -9999 -9999 -9999 -9999 -9999 -9999 -9999 -9999 -9999 -9999 -9999 -9999 -9999 -9999 -9999 -9999 -9999 -9999 -9999 -9999 -9999 -9999 -9999 -9999 407 406 404 403 402 401 400 400 399 399 399 399 399 398 398 397 395 394 392 391 390 389 389 389 388 386 384 382 379 377 377 369 365 365 366 367 367 367 366 362 359 355 352 349 344 338 333 331 329 328 327 326 326 325 324 322 318 313
-9999 -9999 -9999 -9999 -9999 -9999 -9999 -9999 -9999 -9999 -9999 -9999 -9999 -9999 -9999 -9999 -9999 -9999 -9999 -9999 -9999 -9999 -9999 -9999 -9999 -9999 -9999 -9999 -9999 -9999 -9999 -9999 -9999 -9999 -9999 407 406 404 403 403 402 402 401 401 401 401 401 400 399 398 397 396 395 395 394 394 393 393 392 389 384 381 377 380 380 376 372 370 369 369 369 368 367 366 363 358 354 350 346 341 336 333 331 331 331 331 331 330 328 325 321 318
-9999 -9999 -9999 -9999 -9999 -9999 -9999 -9999 -9999 -9999 -9999 -9999 -9999 -9999 -9999 -9999 -9999 -9999 -9999 -9999 -9999 -9999 -9999 -9999 -9999 -9999 -9999 -9999 -9999 -9999 -9999 -9999 -9999 -9999 -9999 409 407 406 405 404 404 403 403 403 403 403 403 402 401 400 399 398 397 397 397 396 396 396 395 390 383 380 380 383 383 381 378 375 373 372 371 370 368 366 363 360 356 352 349 345 340 336 334 333 334 334 335 335 332 329 325 322
-9999 -9999 -9999 -9999 -9999 -9999 -9999 -9999 -9999 -9999 -9999 -9999 -9999 -9999 -9999 -9999 -9999 -9999 -9999 -9999 -9999 -9999 -9999 -9999 -9999 -9999 -9999 -9999 -9999 -9999 -9999 -9999 -9999 -9999 -9999 410 408 407 406 406 405 405 405 405 405 405 405 404 403 402 401 400 399 399 398 398 398 397 396 392 385 386 385 387 386 384 381 378 376 375 373 371 368 366 364 360 357 354 352 349 345 342 339 338 338 338 338 337 336 333 329 326
-9999 -9999 -9999 -9999 -9999 -9999 -9999 -9999 -9999 -9999 -9999 -9999 -9999 -9999 -9999 -9999 -9999 -9999 -9999 -9999 -9999 -9999 -9999 -9999 -9999 -9999 -9999 -9999 -9999 -9999 -9999 -9999 -9999 -9999 -9999 411 409 408 408 407 407 408 408 407 407 407 407 406 405 404 403 402 401 400 400 400 399 397 396 395 396 394 394 392 390 387 384 382 379 377 375 372 368 365 363 361 358 356 353 351 349 348 345 343 341 341 340 339 337 335 332 330
-9999 -9999 -9999 -9999 -9999 -9999 -9999 -9999 -9999 -9999 -9999 -9999 -9999 -9999 -9999 -9999 -9999 -9999 -9999 -9999 -9999 -9999 -9999 -9999 -9999 -9999 -9999 -9999 -9999 -9999 -9999 -9999 -9999 -9999 -9999 413 410 409 409 409 409 410 410 409 409 409 409 408 407 406 405 404 403 402 402 401 399 397 396 397 397 396 397 395 393 392 389 385 381 378 376 373 369 365 363 361 359 357 355 353 352 351 349 347 345 344 343 342 339 337 336 335
-9999 -9999 -9999 -9999 -9999 -9999 -9999 -9999 -9999 -9999 -9999 -9999 -9999 -9999 -9999 -9999 -9999 -9999 -9999 -9999 -9999 -9999 -9999 -9999 -9999 -9999 -9999 -9999 -9999 -9999 -9999 -9999 -9999 -9999 -9999 415 412 411 411 410 411 411 411 410 411 411 410 410 409 408 406 405 404 404 403 402 400 398 398 398 399 398 398 397 396 396 393 389 384 380 377 374 371 367 364 362 361 359 357 356 354 353 352 349 348 348 346 344 342 340 339 338
-9999 -9999 -9999 -9999 -9999 -9999 -9999 -9999 -9999 -9999 -9999 -9999 -9999 -9999 -9999 -9999 -9999 -9999 -9999 -9999 -9999 -9999 -9999 -9999 -9999 -9999 -9999 -9999 -9999 -9999 -9999 -9999 -9999 -9999 -9999 419 416 415 414 413 413 413 412 412 412 412 411 411 410 409 408 407 406 405 404 403 401 400 399 400 400 400 400 399 399 398 396 392 387 382 379 376 373 369 366 364 362 361 360 358 357 355 354 352 351 350 348 346 344 343 342 341
-9999 -9999 -9999 -9999 -9999 -9999 -9999 -9999 -9999 -9999 -9999 -9999 -9999 -9999 -9999 -9999 -9999 -9999 -9999 -9999 -9999 -9999 -9999 -9999 -9999 -9999 -9999 -9999 -9999 -9999 -9999 -9999 -9999 -9999 -9999 -9999 420 418 417 416 415 414 414 413 413 413 412 412 411 410 409 408 407 406 405 404 402 401 401 402 402 402 402 402 402 400 398 394 390 385 382 378 375 372 369 366 364 363 362 360 359 357 356 354 353 351 350 348 347 346 345 344
-9999 -9999 -9999 -9999 -9999 -9999 -9999 -9999 -9999 -9999 -9999 -9999 -9999 -9999 -9999 -9999 -9999 -9999 -9999 -9999 -9999 -9999 -9999 -9999 -9999 -9999 -9999 -9999 -9999 -9999 -9999 -9999 -9999 -9999 -9999 -9999 423 421 419 418 417 416 415 415 414 414 413 413 412 411 410 409 408 407 406 405 403 402 402 403 404 404 404 405 405 403 400 397 393 389 385 380 377 374 371 369 367 365 364 362 361 359 358 356 354 353 351 350 349 349 348 346
-9999 -9999 -9999 -9999 -9999 -9999 -9999 -9999 -9999 -9999 -9999 -9999 -9999 -9999 -9999 -9999 -9999 -9999 -9999 -9999 -9999 -9999 -9999 -9999 -9999 -9999 -9999 -9999 -9999 -9999 -9999 -9999 -9999 -9999 -9999 -9999 425 423 421 419 418 417 417 416 416 415 414 413 412 411 410 410 409 408 407 406 405 404 404 405 406 406 406 408 408 407 404 401 397 393 388 382 379 376 373 371 369 367 366 364 363 361 359 357 356 354 353 351 351 350 350 349
-9999 -9999 -9999 -9999 -9999 -9999 -9999 -9999 -9999 -9999 -9999 -9999 -9999 -9999 -9999 -9999 -9999 -9999 -9999 -9999 -9999 -9999 -9999 -9999 -9999 -9999 -9999 -9999 -9999 -9999 -9999 -9999 -9999 -9999 -9999 -9999 426 424 422 421 420 419 418 417 417 416 415 414 413 413 412 411 411 409 408 407 406 405 405 406 407 408 408 410 411 411 408 404 400 396 391 385 381 379 376 374 372 370 368 366 365 363 360 358 356 355 353 352 351 351 350 350
-9999 -9999 -9999 -9999 -9999 -9999 -9999 -9999 -9999 -9999 -9999 -9999 -9999 -9999 -9999 -9999 -9999 -9999 -9999 -9999 -9999 -9999 -9999 -9999 -9999 -9999 -9999 -9999 -9999 -9999 -9999 -9999 -9999 -9999 -9999 -9999 426 424 423 422 421 420 419 418 417 416 415 415 415 414 414 413 411 410 409 408 407 406 406 407 408 409 410 412 414 414 411 408 403 398 394 389 385 382 379 377 374 372 370 368 366 364 360 357 355 353 352 351 351 351 350 350
-9999 -9999 -9999 -9999 -9999 -9999 -9999 -9999 -9999 -9999 -9999 -9999 -9999 -9999 -9999 -9999 -9999 -9999 -9999 -9999 -9999 -9999 -9999 -9999 -9999 -9999 -9999 -9999 -9999 -9999 -9999 -9999 -9999 -9999 -9999 -9999 426 425 424 422 421 421 420 419 418 417 416 416 416 416 415 414 412 411 410 409 408 407 407 408 409 411 414 417 418 417 414 411 407 402 397 393 390 386 382 380 377 375 372 370 367 364 360 356 353 350 349 349 349 349 349 349
-9999 -9999 -9999 -9999 -9999 -9999 -9999 -9999 -9999 -9999 -9999 -9999 -9999 -9999 -9999 -9999 -9999 -9999 -9999 -9999 -9999 -9999 -9999 -9999 -9999 -9999 -9999 -9999 -9999 -9999 -9999 -9999 -9999 -9999 -9999 -9999 427 425 424 423 422 422 421 420 419 418 418 418 418 417 417 416 414 413 411 410 409 408 408 409 411 417 422 423 422 420 417 414 410 406 400 397 394 390 386 383 380 377 374 371 367 364 360 356 351 349 347 345 344 343 342 341
-9999 -9999 -9999 -9999 -9999 -9999 -9999 -9999 -9999 -9999 -9999 -9999 -9999 -9999 -9999 -9999 -9999 -9999 -9999 -9999 -9999 -9999 -9999 -9999 -9999 -9999 -9999 -9999 -9999 -9999 -9999 -9999 -9999 -9999 -9999 -9999 -9999 426 425 424 423 423 422 421 420 419 419 419 420 419 419 418 416 415 412 411 410 410 410 412 417 423 432 433 428 423 420 416 413 409 404 401 397 393 389 386 383 380 377 372 368 363 360 357 351 348 344 339 338 337 334 331
-9999 -9999 -9999 -9999 -9999 -9999 -9999 -9999 -9999 -9999 -9999 -9999 -9999 -9999 -9999 -9999 -9999 -9999 -9999 -9999 -9999 -9999 -9999 -9999 -9999 -9999 -9999 -9999 -9999 -9999 -9999 -9999 -9999 -9999 -9999 -9999 -9999 427 426 425 424 424 424 422 421 420 421 421 421 421 421 420 418 416 414 413 412 412 412 417 424 436 448 447 436 426 423 419 415 411 407 403 399 395 392 389 386 382 378 374 369 365 363 360 355 350 344 335 331 328 323 320
-9999 -9999 -9999 -9999 -9999 -9999 -9999 -9999 -9999 -9999 -9999 -9999 -9999 -9999 -9999 -9999 -9999 -9999 -9999 -9999 -9999 -9999 -9999 -9999 -9999 -9999 -9999 -9999 -9999 -9999 -9999 -9999 -9999 -9999 -9999 -9999 -9999 428 427 426 426 425 425 424 422 422 422 423 423 423 423 422 420 418 417 415 415 415 417 421 433 452 459 456 442 432 425 422 417 413 409 406 402 399 396 393 389 384 379 375 372 368 366 364 358 352 347 338 331 320 315 312
-9999 -9999 -9999 -9999 -9999 -9999 -9999 -9999 -9999 -9999 -9999 -9999 -9999 -9999 -9999 -9999 -9999 -9999 -9999 -9999 -9999 -9999 -9999 -9999 -9999 -9999 -9999 -9999 -9999 -9999 -9999 -9999 -9999 -9999 -9999 -9999 -9999 430 429 428 427 427 426 425 423 423 423 424 425 425 426 424 422 420 419 418 418 419 420 426 443 458 460 456 445 436 429 425 420 416 412 409 405 401 398 396 392 386 381 378 374 371 368 364 359 353 348 340 333 323 314 308
-9999 -9999 -9999 -9999 -9999 -9999 -9999 -9999 -9999 -9999 -9999 -9999 -9999 -9999 -9999 -9999 -9999 -9999 -9999 -9999 -9999 -9999 -9999 -9999 -9999 -9999 -9999 -9999 -9999 -9999 -9999 -9999 -9999 -9999 -9999 -9999 -9999 432 431 430 429 428 427 426 425 424 425 426 426 426 426 426 424 422 421 420 421 422 424 433 450 459 460 458 450 439 433 428 424 419 414 411 406 403 400 397 394 390 384 380 376 372 369 366 359 352 346 338 332 318 312 306
-9999 -9999 -9999 -9999 -9999 -9999 -9999 -9999 -9999 -9999 -9999 -9999 -9999 -9999 -9999 -9999 -9999 -9999 -9999 -9999 -9999 -9999 -9999 -9999 -9999 -9999 -9999 -9999 -9999 -9999 -9999 -9999 -9999 -9999 -9999 -9999 -9999 433 432 431 430 430 428 427 426 425 426 427 427 428 427 426 425 424 423 423 423 425 429 438 453 459 459 459 454 444 437 430 425 421 413 410 407 404 402 399 397 393 387 381 377 373 369 365 358 348 339 333 324 320 316 309
-9999 -9999 -9999 -9999 -9999 -9999 -9999 -9999 -9999 -9999 -9999 -9999 -9999 -9999 -9999 -9999 -9999 -9999 -9999 -9999 -9999 -9999 -9999 -9999 -9999 -9999 -9999 -9999 -9999 -9999 -9999 -9999 -9999 -9999 -9999 -9999 -9999 435 434 433 432 431 430 428 427 426 427 428 429 429 428 427 427 425 425 425 426 428 433 441 456 459 459 459 456 448 440 432 426 421 414 411 409 406 404 401 398 395 389 382 378 374 371 368 366 356 348 339 333 327 322 316
-9999 -9999 -9999 -9999 -9999 -9999 -9999 -9999 -9999 -9999 -9999 -9999 -9999 -9999 -9999 -9999 -9999 -9999 -9999 -9999 -9999 -9999 -9999 -9999 -9999 -9999 -9999 -9999 -9999 -9999 -9999 -9999 -9999 -9999 -9999 -9999 -9999 436 435 434 433 432 431 430 429 428 429 429 430 430 429 428 428 427 427 427 429 431 435 441 455 459 460 459 457 450 441 434 427 425 420 416 412 408 405 402 399 397 391 384 379 376 374 371 367 362 355 347 340 334 328 322
-9999 -9999 -9999 -9999 -9999 -9999 -9999 -9999 -9999 -9999 -9999 -9999 -9999 -9999 -9999 -9999 -9999 -9999 -9999 -9999 -9999 -9999 -9999 -9999 -9999 -9999 -9999 -9999 -9999 -9999 -9999 -9999 -9999 -9999 -9999 -9999 -9999 -9999 437 436 435 434 433 432 431 431 431 431 431 431 430 429 429 429 429 430 431 434 437 441 453 459 460 460 458 453 445 439 433 429 426 421 414 410 406 403 400 397 392 386 381 379 377 373 370 366 360 352 346 340 335 330
-9999 -9999 -9999 -9999 -9999 -9999 -9999 -9999 -9999 -9999 -9999 -9999 -9999 -9999 -9999 -9999 -9999 -9999 -9999 -9999 -9999 -9999 -9999 -9999 -9999 -9999 -9999 -9999 -9999 -9999 -9999 -9999 -9999 -9999 -9999 -9999 -9999 -9999 438 437 436 436 435 434 434 433 433 433 433 432 431 431 430 430 431 432 433 435 438 443 452 458 461 462 460 457 450 444 438 432 427 423 416 411 407 404 401 397 393 389 385 383 380 376 372 369 366 359 352 346 341 337
-9999 -9999 -9999 -9999 -9999 -9999 -9999 -9999 -9999 -9999 -9999 -9999 -9999 -9999 -9999 -9999 -9999 -9999 -9999 -9999 -9999 -9999 -9999 -9999 -9999 -9999 -9999 -9999 -9999 -9999 -9999 -9999 -9999 -9999 -9999 -9999 -9999 -9999 440 438 438 437 437 436 435 435 434 434 434 433 432 432 432 432 432 433 435 436 438 443 451 458 462 464 462 458 452 446 440 433 427 422 417 412 408 405 402 398 396 393 389 385 381 378 374 371 367 363 356 351 346 342
-9999 -9999 -9999 -9999 -9999 -9999 -9999 -9999 -9999 -9999 -9999 -9999 -9999 -9999 -9999 -9999 -9999 -9999 -9999 -9999 -9999 -9999 -9999 -9999 -9999 -9999 -9999 -9999 -9999 -9999 -9999 -9999 -9999 -9999 -9999 -9999 -9999 -9999 441 440 440 440 439 438 437 437 436 435 435 434 433 433 433 433 434 435 436 437 440 443 450 456 462 467 466 459 452 446 440 432 426 422 417 412 410 407 404 401 398 395 392 387 383 380 376 371 368 364 359 353 350 348
-9999 -9999 -9999 -9999 -9999 -9999 -9999 -9999 -9999 -9999 -9999 -9999 -9999 -9999 -9999 -9999 -9999 -9999 -9999 -9999 -9999 -9999 -9999 -9999 -9999 -9999 -9999 -9999 -9999 -9999 -9999 -9999 -9999 -9999 -9999 -9999 -9999 -9999 443 441 443 444 442 441 439 438 437 436 436 435 435 434 434 434 435 436 437 438 440 444 450 455 461 469 471 461 452 445 438 430 424 421 418 414 411 409 405 402 399 397 393 388 384 380 377 372 367 363 359 355 353 351
-9999 -9999 -9999 -9999 -9999 -9999 -9999 -9999 -9999 -9999 -9999 -9999 -9999 -9999 -9999 -9999 -9999 -9999 -9999 -9999 -9999 -9999 -9999 -9999 -9999 -9999 -9999 -9999 -9999 -9999 -9999 -9999 -9999 -9999 -9999 -9999 -9999 -9999 450 450 451 450 447 445 441 439 438 437 437 436 436 436 436 436 436 437 438 439 441 445 450 455 462 469 473 465 453 446 439 429 424 421 418 415 412 410 407 404 400 397 394 389 385 382 377 371 366 362 359 357 354 353
-9999 -9999 -9999 -9999 -9999 -9999 -9999 -9999 -9999 -9999 -9999 -9999 -9999 -9999 -9999 -9999 -9999 -9999 -9999 -9999 -9999 -9999 -9999 -9999 -9999 -9999 -9999 -9999 -9999 -9999 -9999 -9999 -9999 -9999 -9999 -9999 -9999 -9999 457 458 458 455 452 448 444 440 439 439 438 438 438 437 437 437 437 438 439 440 443 447 452 455 462 470 473 470 455 448 441 431 424 422 419 417 414 411 408 405 401 398 394 390 385 381 376 371 366 362 360 358 356 354
-9999 -9999 -9999 -9999 -9999 -9999 -9999 -9999 -9999 -9999 -9999 -9999 -9999 -9999 -9999 -9999 -9999 -9999 -9999 -9999 -9999 -9999 -9999 -9999 -9999 -9999 -9999 -9999 -9999 -9999 -9999 -9999 -9999 -9999 -9999 -9999 -9999 -9999 -9999 461 460 458 455 451 446 441 440 441 441 440 439 438 438 438 438 439 440 443 447 450 454 458 465 471 472 471 459 451 443 434 426 423 421 418 415 412 409 405 401 397 393 389 384 380 375 370 366 363 360 358 357 355
